Alt,u,v,temp,bv2
22132,5.63653288730326,5.54513358230656,-1.22268907563034,0.000665184441588388
22138,5.83693013850354,5.35187800877109,-1.22787114845949,0.00066473324749243
22143,6.03033650993764,5.15227689454591,-1.23305322128861,-0.00177215189873402
22149,6.2164814450565,4.94644937473784,-1.13823529411774,-0.00110859544846753
22155,6.39527710293028,4.73494572183359,-1.14341736694687,0.000666313527734555
22161,6.56639996869061,4.51773219918068,-1.148599439776,0.000668356846096952
22167,6.64579043728022,4.24061520257337,-1.15378151260513,0.000667901339532877
22173,6.79920356559694,4.01587199318986,-1.15910364145667,-0
22179,6.87918355729273,3.90175558719939,-1.16442577030821,0.000669954422878264
22185,7.02033737556331,3.67004296392085,-1.16974789915974,0.000669496736857896
22191,7.15319081218388,3.43404688599736,-1.17507002801128,0.000671559655354052
22197,7.27766775117912,3.19388766705532,-1.18039215686283,0.00067109977419786
22202,7.30084373300354,2.91256739189717,-1.18585434173677,-0.00177536231884082
22208,7.50062396812713,2.70283129679094,-1.09131652661071,-0.0011054117933277
22214,7.55671213771422,2.5784339056886,-1.09677871148466,0.000672710506564748
22220,7.74612733070942,2.35614943530439,-1.10224089635862,-0
22226,7.79598185302589,2.22813207817504,-1.10770308123256,0.000674793308569752
22232,7.97413588163255,1.99361810582609,-1.11330532212892,0.000674328989498437
22238,8.01747612109373,1.86198540873318,-1.11890756302527,0.000676421841233409
22244,8.08545030863954,1.59630562731531,-1.12450980392163,0.000675955279075793
22250,8.24280427946737,1.34420974558132,-1.13011204481799,-0
22256,8.27446907434543,1.20806087787861,-1.13571428571435,0.000678058253453766
22261,8.41878004125532,0.944867571186594,-1.14131652661071,0.000677589431916252
22267,8.44324307537936,0.805716553525861,-1.14691876750707,-0
22273,8.47375277940126,0.526818482504714,-1.15252100840343,-0.00110011536949997
22279,8.59075524396944,0.390304052659188,-1.05812324929978,-0.00110135171025882
22285,8.60647368216781,0.106998297156615,-1.06372549019614,0.000681354946422779
22290,8.61581129848987,-0.0351871865433706,-1.0693277310925,0.000680881556609999
22296,8.7162941800137,-0.323972048750256,-1.07492997198886,-0
22302,8.71795152740442,-0.467989514417299,-1.08053221288522,0.000683015343502701
22308,8.8166354375314,-0.620723917498548,-1.08613445378158,0.000682539644472371
22314,8.79636779576894,-0.910547759830299,-1.09173669467793,-0
22319,8.78759432706605,-1.05588502845096,-1.09733893557429,0.00068468385281411
22325,8.8752856581609,-1.21663451983507,-1.10294117647065,0.000684205827628214
22331,8.76302006785602,-1.34569415585884,-1.10854341736701,-0.00109670557610793
22337,8.74694658032865,-1.48992696003369,-1.01414565826337,-0.00109793426041977
22343,8.63060324091535,-1.61286137000434,-1.01974789915973,-0
22348,8.673738955181,-1.91769790731845,-1.02535014005608,0.000688045447102999
22354,8.55120930296891,-2.03367997469895,-1.03095238095244,0.000687562718125648
22360,8.52340561028573,-2.17307962747099,-1.0365546218488,-0
22366,8.49298642136507,-2.31170579252491,-1.04215686274516,0.000689738653036842
22372,8.4602112315931,-2.44952601943541,-1.04789915966393,0.000689253546085334
22377,8.4249473478614,-2.58633740199069,-1.0536414565827,-0
22383,8.29321350827616,-2.68814559004823,-1.05924369747905,0.000691440213129216
22389,8.25365981069299,-2.8215608827853,-1.06484593837541,-0.00109411104168804
22395,8.21163755815442,-2.95392940063318,-0.97044817927177,-0.00109517097852238
22401,8.16712895324449,-3.08538675591673,-0.976050420168129,0.000692660273442882
22406,7.97087728387671,-3.30227451657555,-0.981652661064487,-0
22412,7.91990333584058,-3.42902856761708,-0.987254901960846,0.000694868644327932
22418,7.86654686052199,-3.55462852367332,-0.992857142857204,0.000694376297066507
22424,7.72250981360648,-3.63224793615069,-0.998459383753563,-0
22430,7.66517231177057,-3.75415284315688,-1.00406162464992,0.000696595641248567
22436,7.60574726580889,-3.87482347694188,-1.00966386554628,0.000696100844499437
22442,7.54421224658824,-3.99422354006249,-1.01526610644264,0.000698331243971049
22448,7.40652583732301,-4.22858541021859,-1.020868347339,-0.00109048718847408
22454,7.25590895453376,-4.28822493491259,-0.926470588235361,-0.00179159049360121
22460,7.26897589381767,-4.45815744486102,-0.93207282913172,0.000700075516981405
22466,7.11510045949981,-4.68153555959934,-0.937675070028078,0.000699575766097611
22472,7.03947904498313,-4.79108474582481,-0.943277310924437,-0
22478,6.96187905066211,-4.89887791663761,-0.948879551820795,0.000701828525411094
22484,6.7928737377617,-5.10976109447248,-0.954481792717154,0.000701326269511539
22490,6.70976065699986,-5.21249576643682,-0.960084033613512,-0.00179159049360154
22496,6.62494379482068,-5.31330322268413,-0.865686274509869,-0.0010912814598252
22502,6.44173619133287,-5.51058899110435,-0.871288515406228,0.000703085555249347
22508,6.35173123885472,-5.60594615806567,-0.876890756302586,0.00070536101233639
22514,6.2599625936064,-5.69923466351339,-0.882492997198945,0.000704853689569019
22520,6.06337354211907,-5.88201442416169,-0.888095238095303,-0
22526,5.96686907183005,-5.96956364091282,-0.893697478991662,0.000707140624398786
22532,5.86871991456798,-6.05513488906365,-0.89929971988802,-0.0010882410554754
22538,5.65974981366926,-6.22243902480991,-0.804901960784377,-0.00179816513761475
22544,5.55724852268135,-6.30193542299197,-0.810504201680736,0.000708929239031849
22550,5.39605748045105,-6.29723571180006,-0.816106442577095,0.000708416772334575
22556,5.17856645195278,-6.44636854473985,-0.82170868347346,0.000710726924721219
22562,5.12497645272456,-6.60114545873709,-0.827310924369819,0.00071021185667143
22568,4.96401418406148,-6.58397894764844,-0.832913165266177,-0
22574,4.78482681596563,-6.80401314608398,-0.838515406162536,-0.00108693878834329
22580,4.6717012852709,-6.86606452036905,-0.744117647058893,-0.00108814567379248
22586,4.43399646894565,-6.9873037045824,-0.749719887955251,-0
22592,4.31760362562636,-7.04243654561793,-0.75532212885161,0.000714349786701621
22598,4.11288500081932,-7.24214188278253,-0.760924369747968,0.000713829456171256
22604,3.99200180877962,-7.29081348917593,-0.766526610644327,-0
22610,3.87025785616993,-7.33695021762621,-0.772128851540685,0.000716175103482038
22616,3.61616027721249,-7.42725493051949,-0.777731092437044,-0.00108581847681946
22622,3.49215226538686,-7.46603740081709,-0.683333333333401,-0.00108677844131353
22628,3.23339929311402,-7.54178914506705,-0.68893557422976,0.00071748409823887
22634,3.10726342595891,-7.57304582961521,-0.694537815126118,-0
22640,2.8448072832537,-7.63422708863065,-0.700140056022477,0.000719853865256989
22646,2.73777806422303,-7.75557262713671,-0.705742296918835,0.00071932548848835
22653,2.60775504322283,-7.77680350896998,-0.711344537815194,-0
22659,2.33788159981156,-7.81863544962301,-0.716946778711552,0.00072170745510947
22665,2.20677692662517,-7.83204898528441,-0.722549019607911,-0.00108361185887734
22671,1.93490305697518,-7.85871883427299,-0.628151260504275,-0.00108454746575696
22677,1.80300181648542,-7.86438227637922,-0.633753501400633,0.000723036770361677
22683,1.67083332249383,-7.86741105186559,-0.639355742296992,-0
22689,1.39380326560574,-7.77425879147559,-0.644957983193351,0.000725443420512835
22695,1.26308246155664,-7.76980532623158,-0.650420168067299,0.000724906809415513
22701,0.992815181690499,-7.7615931813793,-0.655882352941248,-0
22708,0.865538174606475,-7.64975149367183,-0.661344537815204,0.000727325945461628
22714,0.599310101028147,-7.627135235857,-0.666806722689152,0.000726786546775626
22720,0.344356717871944,-7.49546283184948,-0.672268907563108,-0
22726,0.218541533204539,-7.47185744112976,-0.67759103641464,0.000729218266136298
22732,-0.0257282691332106,-7.32715794437209,-0.682913165266186,0.000728676058083594
22738,-0.280565466088916,-7.27242730881167,-0.688095238095315,-0.00107834655272313
22744,-0.510808047722375,-7.11113790763275,-0.593277310924435,-0.00107953442233831
22750,-0.732014285405521,-6.94236651726787,-0.598459383753578,-0
22756,-0.973127257251171,-6.8623975669644,-0.603501400560283,0.000733032602094845
22763,-1.05638091650387,-6.72007910675306,-0.608543417367017,0.000732484709061908
22769,-1.28961653838035,-6.62820620156382,-0.613445378151319,-0
22775,-1.48217044654889,-6.43516959161376,-0.618347338935635,0.000734954773110169
22781,-1.70566661835229,-6.32788939401925,-0.623109243697542,0.000734404003999831
22787,-1.88140964613738,-6.12266671715848,-0.627871148459441,-0
22793,-2.09384257497115,-6.0009361925539,-0.632492997198938,0.000736887051336255
22799,-2.25195107070795,-5.7850221374577,-0.637114845938427,0.000736333383442658
22806,-2.39962951527238,-5.56514622563397,-0.641736694677917,0.00073882951670095
22812,-2.59273959907697,-5.42476470004825,-0.646218487395011,0.000738272927078596
22818,-2.78088546083742,-5.27746074834052,-0.65070028011209,-0
22824,-2.96397103831528,-5.12337749997854,-0.655042016806767,0.00074078224997973
22830,-3.14174921988038,-4.96259677887723,-0.659383753501444,0.000740222715440312
22836,-3.31396336262856,-4.7956182778644,-0.663585434173712,-0
22843,-3.48041701506296,-4.62231586432524,-0.667787114845972,0.000742745332801879
22849,-3.64104004372517,-4.44298269950804,-0.671988795518239,0.00255364308869123
22855,-3.79535687771337,-4.25784312697115,-0.776050420168104,0.00180811808118095
22861,-3.94329151311857,-4.06710668688529,-0.780112044817955,0.000744718847666092
22867,-4.00587396197903,-3.80953225356788,-0.783893557423006,0.000744153352740235
22874,-4.13838900303401,-3.61105915356471,-0.787675070028044,0.000746702877949153
22880,-4.26406029261513,-3.40775042137649,-0.791316526610686,0.000746134367051996
22886,-4.38261317401899,-3.19995093286331,-0.794957983193314,-0
22892,-4.55343358552367,-2.88286719834991,-0.798599439775948,0.00074869750791964
22898,-4.6538368335835,-2.66459241974548,-0.802100840336173,0.000748125956858916
22905,-4.74671047083857,-2.44260086584879,-0.805602240896391,-0
22911,-4.83182889003297,-2.21713512169076,-0.808963585434213,0.000750702822747817
22917,-4.90931143545769,-1.98848018023176,-0.812324929972029,0.000750128207071825
22923,-4.97900067420366,-1.75681058426709,-0.815686274509837,-0
22929,-4.94506613819917,-1.49294390529119,-0.818907563025249,0.000752718908519801
22936,-4.96614051623231,-1.37348209545579,-0.822128851540647,0.000752141203513922
22942,-4.98528039656796,-1.25326352896394,-0.825350140056052,-0
22948,-5.03018100934686,-1.01698935845018,-0.828291316526645,0.000754745852248149
22954,-5.04330844617682,-0.89505923937924,-0.831232492997238,0.000754165032931296
22960,-4.97762208368236,-0.6384690654488,-0.83403361344542,0.000756783741886267
22966,-4.98447643598279,-0.516930334639193,-0.836834733893596,0.00075619978300729
22973,-5.00454854150661,-0.278913573442682,-0.839635854341779,-0
22979,-5.00538317203539,-0.156143288179211,-0.842296918767559,0.00075883266633944
22985,-5.01333092620358,0.0834942653645186,-0.844957983193318,0.000758245542373462
22991,-4.90819342038196,0.21229373174934,-0.847619047619105,-0
22997,-4.90378978671374,0.449447846579117,-0.850280112044864,0.000760892715477667
23003,-4.89232242172505,0.571628776556907,-0.852801120448234,0.000760302400622368
23010,-4.87597762532369,0.808964825035287,-0.85518207282918,-0
23016,-4.8515811538161,1.04624647230309,-0.85756302521014,0.000762963980151317
23022,-4.73053112940809,1.15972145284192,-0.859943977591087,-0.00104574763285781
23028,-4.69445227347575,1.39264823091423,-0.762324929972031,-0.00181146025878019
23034,-4.66736854046158,1.51251480114405,-0.764705882352992,0.000765046552201012
23040,-4.61957525142369,1.74404995502921,-0.766946778711521,0.000764449777031371
23046,-4.48847574743111,1.844057292111,-0.769187675070071,-0
23052,-4.42960211334428,2.07017667616575,-0.771428571428608,0.000767140524473383
23059,-4.41707802960722,2.07766832147769,-0.773669467787158,0.000766540479304685
23065,-4.28142121910947,2.16963108339107,-0.775910364145687,-0
23071,-4.17170088628999,2.15299510110811,-0.778151260504238,0.000769245990834961
23077,-4.13192856189455,2.2652269686202,-0.780392156862774,0.000768642648716686
23083,-4.0226284547763,2.24685994680374,-0.782633053221325,0.000771363046184649
23089,-3.88524052593867,2.32928214538579,-0.784873949579854,0.0007707563798693
23095,-3.77641265342788,2.30914080202679,-0.787254901960814,-0
23101,-3.73444758040411,2.41500318999332,-0.789635854341761,-0.00103939821683243
23108,-3.62609797763822,2.39289574894372,-0.691876750700303,-0.00104050178387199
23114,-3.48780127664502,2.46570247359805,-0.694117647058853,-0
23120,-3.47504500833435,2.47276487173807,-0.696498599439799,0.000775632308698732
23126,-3.33615470225799,2.54140980649099,-0.698879551820745,-0.00103979590377637
23132,-3.22882101670626,2.51560457048141,-0.601260504201704,-0.00181818181818164
23138,-3.08999112832635,2.57866719225253,-0.603641456582665,0.000777784710958374
23144,-3.07727720849255,2.58546142575731,-0.606162464986021,0.000777167905535137
23151,-2.93807917402798,2.644568094701,-0.608823529411794,-0.00181818181818188
23157,-2.79871376792667,2.699641131712,-0.511484593837565,-0.00104161224586498
23163,-2.78593071961002,2.70612896753813,-0.514285714285741,0.000779328850761931
23169,-2.64624115591381,2.75725931408182,-0.517086834733924,-0
23175,-2.50650005880381,2.80443036239579,-0.519887955182099,-0.00104088954987415
23181,-2.46894016117201,2.61254337295089,-0.422829131652691,-0.00104199628767706
23188,-2.48711504647429,2.53884619006088,-0.425770308123276,-0
23194,-2.40992721925362,2.43041209732811,-0.428851540616272,-0.00104209979767133
23200,-2.35607461804846,2.24683305410698,-0.331932773109266,-0.00104320911196164
23206,-2.27196607257398,2.14473669547771,-0.335154061624671,-0
23213,-2.2066256518188,1.96988378560824,-0.338375350140076,-0.00104331046736418
23219,-2.1344233478813,1.80000555217045,-0.24159663865548,-0.00104442236204037
23225,-2.1384201913857,1.73005518306613,-0.245098039215705,-0
23231,-2.05691390332451,1.56660644803608,-0.24859943977593,0.000788728432996216
23238,-1.96918851267953,1.40898476994851,-0.252240896358572,-0.00104368154576289
23244,-1.8755697991911,1.25736253516078,-0.155882352941198,-0.00183520599250933
23250,-1.78067649193889,1.0421428647443,-0.15966386554625,0.000790954237459572
23256,-1.6738447595371,0.904734435785947,-0.163445378151287,-0.00104488961636286
23262,-1.56229218781016,0.774034059221582,-0.0673669467787406,-0.00183864915572249
23269,-1.44244205150555,0.585807650580004,-0.071288515406188,0.000793192639995748
23275,-1.41992487189752,0.46052438285927,-0.0752100840336425,-0.00104609799098226
23281,-1.28478044845111,0.287174047072423,0.0205882352940918,-0.00184210526315777
23287,-1.14177078324341,0.125401725394137,0.0163865546218247,0.000795443747865348
23294,-1.00649195783281,0.0331847039304747,0.0121848739495576,0.000794798627866014
23300,-0.852699320127467,-0.106782764097839,0.00798319327729047,-0.00104589704411238
23306,-0.881432948141863,-0.302796426071839,0.103501400560205,-0.0010470144617968
23312,-0.921385526802891,-0.449314013106774,0.0990196078431111,-0
23319,-0.928864202443818,-0.657994878398013,0.0945378151260314,0.000799984514775412
23325,-0.863875106480684,-0.769596581079052,0.0899159663865277,-0.00104624237646935
23331,-0.88253614620351,-0.927805976225453,0.18529411764704,-0.00184905660377379
23337,-0.894022705480553,-1.09004723010146,0.180672268907543,0.000802274394514215
23344,-0.898235516262859,-1.25597278701412,0.175770308123226,0.000801618151945354
23350,-0.894813939534448,-1.42527686570388,0.170868347338917,-0.00184905660377351
23356,-0.803658738340967,-1.5375783405166,0.265966386554602,-0.00104797456385807
23362,-0.786618110031785,-1.70996454298964,0.260924369747869,0.000803917406943484
23369,-0.761421073802711,-1.88474862722791,0.25588235294115,-0
23375,-0.727939897468115,-2.06155538857689,0.250840336134431,0.000806893707834494
23381,-0.739955275008985,-2.18521094726108,0.245658263305302,-0.00104632209523157
23387,-0.623257548939488,-2.29367252341634,0.340476190476167,-0.00185606060606075
23393,-0.627786777264532,-2.41964838952878,0.335154061624635,0.000809223369816452
23400,-0.56897437971498,-2.60028906652159,0.329831932773089,0.000808555714530741
23406,-0.564655949989011,-2.72921729028885,0.324509803921543,-0
23412,-0.556871895016331,-2.85941150188774,0.319047619047595,-0.00104603114071919
23418,-0.417688437417661,-2.96266933500724,0.413585434173633,-0.00104714884510792
23424,-0.402122373210826,-3.0932145798303,0.407983193277275,-0
23431,-0.584503230773634,-3.2017029279585,0.402380952380916,-0
23437,-0.639682277834218,-3.28167376690369,0.396778711484558,0.00081392328537205
23443,-0.754830150611637,-3.44402228143112,0.391036414565782,-0.00104633468728797
23449,-0.885926959844138,-3.46829684691969,0.485294117647015,-0.00186311787072235
23455,-0.942282100523713,-3.5501247001679,0.479411764705844,0.000816293775385988
23461,-1.0601651603112,-3.71080731079018,0.473529411764673,0.000815614407055789
23468,-1.19711986692836,-3.72871732592939,0.467647058823488,-0
23474,-1.31777755186815,-3.88739811638672,0.461624649859914,0.000818678113486091
23480,-1.37553892423228,-3.96838905774243,0.455602240896326,-0.00104512309847842
23486,-1.49622154089149,-4.12713628123389,0.549439775910329,-0.00186666666666693
23492,-1.64154619878022,-4.1360342425675,0.543277310924339,0.000821076421376325
23499,-1.76485858605206,-4.29261876778369,0.536974789915931,0.000820389072270615
23505,-1.82397860985623,-4.37275380617705,0.530672268907523,-0
23511,-1.94742299240979,-4.52962571445311,0.524369747899122,0.000823488822190082
23517,-2.10085840941257,-4.52943811677209,0.517927170868312,0.000822797429857006
23523,-2.16129847314142,-4.60861699077711,0.511484593837487,-0
23530,-2.28746382887717,-4.76331174725344,0.504901960784274,0.000825915440512811
23536,-2.34792947012194,-4.84255389836263,0.498459383753463,0.000825219969171629
23542,-2.47414458764287,-4.99710692430024,0.492016806722653,-0
23548,-2.53482249052619,-5.07616331072696,0.485434173669432,0.000828356402402669
23554,-2.69884094868151,-5.06371902528663,0.478851540616205,0.000827656815849199
23560,-2.79558034622379,-4.97386309998516,0.472128851540582,-0.0018666666666666
23566,-2.7906857850987,-4.97688550621738,0.565406162464953,-0.00103941717222077
23572,-2.88588281687577,-4.88485454698139,0.558683473389316,0.000830108097013082
23579,-2.88099073676065,-4.88768582133142,0.551820728291283,-0
23585,-2.97456741960942,-4.79381188203393,0.544957983193235,0.000833281868612114
23591,-3.13829977441224,-4.7676512930549,0.537955182072785,0.000832573941296236
23597,-3.13337998343435,-4.77031533640777,0.530952380952336,-0
23603,-3.22464843467785,-4.67154214352603,0.523949579831893,-0
23609,-3.21972742447574,-4.67399250299936,0.516806722689047,0.000835766632609975
23615,-3.38349046788806,-4.64022056816334,0.50966386554618,0.000835054478865233
23621,-3.37852775089132,-4.6424193435121,0.502380952380918,-0
23627,-3.46717572441469,-4.53855097427879,0.495238095238065,0.000838266259578311
23633,-3.55407089248146,-4.43298150795221,0.488095238095205,0.000837549841442804
23639,-3.62567334807589,-4.49912478233943,0.480812324929936,-0
23645,-3.71152826437583,-4.39038536884439,0.473529411764673,0.000840780883274603
23651,-3.70640091634362,-4.39203428524338,0.466106442576994,0.000840060162330432
23657,-3.79032462214642,-4.28156986256582,0.458683473389321,-0
23663,-3.86393772007997,-4.34442367633999,0.450980392156829,0.000843310639065956
23669,-3.94702691114483,-4.23069084172965,0.443277310924337,0.000842585576432355
23676,-3.86195303883007,-4.17143943514934,0.435434173669428,-0
23682,-3.77695915588124,-4.11208924992851,0.42759103641454,0.000845855663954433
23688,-3.69182601715655,-4.05248116055818,0.419607843137221,0.000845126220280779
23694,-3.68870178300371,-3.8818085946726,0.411624649859903,-0
23700,-3.60265648950532,-3.82303141212958,0.403641456582598,-0
23706,-3.51687979428924,-3.76393115039703,0.395518207282876,0.000848416096599995
23712,-3.43132798415945,-3.70464247349596,0.387394957983162,0.000847682232058688
23718,-3.42190856669307,-3.53836723752871,0.37899159663862,-0
23724,-3.33569144536979,-3.47970542076032,0.370588235294072,0.000850992077347036
23730,-3.16759217294604,-3.36342901920133,0.362044817927128,0.000850253751626252
23736,-3.08158769407738,-3.30409639484745,0.353501400560184,-0
23742,-3.06479546644836,-3.14373914146606,0.34495798319324,0.000853583748250109
23748,-2.9779024589299,-3.08523950789016,0.336274509803879,0.000852840920546414
23754,-2.89098061446447,-3.02637193144504,0.327591036414525,-0
23760,-2.86855502034086,-2.86972841970135,0.318907563025178,0.000856191253097819
23766,-2.78069492717088,-2.81175854287167,0.310084033613407,0.000855443882108658
23772,-2.69276731968015,-2.75358519498641,0.30126050420165,-0
23778,-2.6649238724063,-2.60099161934648,0.292436974789887,-0
23785,-2.57632248882974,-2.54382345887301,0.283333333333296,0.000858814737443498
23791,-2.48800598002014,-2.48630719433737,0.274229691876712,0.000858062781359536
23797,-2.42651340816949,-2.57278547790979,0.264985994397726,-0
23803,-2.3636231120711,-2.65801595055742,0.255742296918726,0.000861454348628618
23809,-2.29926061467327,-2.74176428651149,0.246498599439732,0.000860697765125942
23815,-2.29634753145449,-2.73611388156241,0.237254901960746,-0
23821,-2.23062145282272,-2.81827432730689,0.227871148459336,0.000864110235811365
23827,-2.24331422686823,-2.95898738915753,0.21848739495794,0.000863348982043547
23833,-2.1734606770986,-3.03940484696859,0.209103641456537,-0
23839,-2.10216140815525,-3.11838963133859,0.199579831932731,-0
23845,-2.02944937816959,-3.19562703467697,0.189915966386508,0.000866782549995743
23851,-1.95532799934744,-3.27137677618437,0.180252100840299,0.000866016582585751
23857,-1.95393945620364,-3.41240208587275,0.170588235294083,-0
23863,-1.87574718865498,-3.4861364184018,0.16092436974786,0.000869471444059403
23869,-1.87303978306259,-3.47721690246571,0.151120448179242,0.000868700719091358
23875,-1.72163010612821,-3.4795086362281,0.141316526610616,-0
23881,-1.71262588528059,-3.6190295326502,0.131372549019581,0.000872177072782983
23887,-1.6304096594295,-3.68732075385338,0.121288515406128,0.00087140154579377
23893,-1.54687299918266,-3.75389964925047,0.11120448179269,-0
23899,-1.4619992973132,-3.81856786410252,0.101120448179238,-0
23905,-1.44130419001555,-3.95708686052348,0.0910364145657852,0.000874899592878963
23912,-1.43854583563174,-3.94589467699779,0.08081232492993,0.000874119218849678
23918,-1.43581751446875,-3.93444672015805,0.0705882352940677,-0
23924,-1.49860943710203,-3.9981805613196,0.0602240896358026,0.000877639163023782
23930,-1.49568444040339,-3.98622181347974,0.0498599439775376,0.000876853896371022
23936,-1.57874719338015,-3.89763335396146,0.0393557422968627,-0.00187022900763367
23943,-1.64262075000039,-3.95960109656939,0.128851540616196,-0.000993409027432665
23949,-1.6395929051578,-3.9470123095632,0.118347338935521,0.000879605738453713
23955,-1.79098664581882,-3.92831913406573,0.107843137254847,-0
23961,-1.78782324590255,-3.91537221682793,0.0971988795517689,-0
23968,-1.78476427815317,-3.90212237182129,0.0864145658262814,0.000883170098163176
23974,-1.84988511920652,-3.96192114962768,0.075630252100801,0.000882374907210709
23980,-1.93415574651842,-3.86546666476203,0.0648459383753135,-0
23986,-1.93105172333499,-3.85182926719405,0.054061624649826,0.000885961790603959
23992,-1.99758220449148,-3.9099713615447,0.0432773109243314,0.000885161566801207
23999,-1.99463198430819,-3.8959720685969,0.0324929971988439,-0
24005,-2.14950758189391,-3.86698889161166,0.0217086834733564,0.000888771188051766
24011,-2.14662331732883,-3.85281335654549,0.0109243697478689,0.00088796588346687
24017,-2.14371805559257,-3.83844489459314,0.000140056022388535,-0
24024,-2.21149847114542,-3.89459856064597,-0.0106442577031132,-0.00187380497131921
24030,-2.29667430414101,-3.79049878914032,0.0785714285713937,-0.000985796176545087
24036,-2.36579537707793,-3.84541189306013,0.0677871148459133,0.000890788025560637
24042,-2.30437957783858,-3.60186940513988,0.0570028011204258,-0
24048,-2.31095338199463,-3.42897609687932,0.0460784313725284,0.000894443775980921
24055,-2.23402707602152,-3.34723428130109,0.0352941176470338,0.000893628163584025
24061,-2.31114767485876,-3.24205817292989,0.0245098039215463,-0
24067,-2.30993428263768,-3.07124072040793,0.0138655462184616,0.000897307310896641
24073,-2.30457165107769,-2.90154385919279,0.00322128851538395,-0.000980908165795897
24079,-2.29526584352607,-2.73317671140142,0.0927170868347105,-0.00188099808061402
24086,-2.28205988236622,-2.56620570652101,0.0822128851540285,-0
24092,-2.32972477802383,-2.30982396180301,0.0718487394957705,0.000900189239757073
24098,-2.30612113746737,-2.14627074588613,0.0614845938375055,0.000899363120365657
24104,-2.27882278663868,-1.984442556764,0.0512605042016574,-0
24111,-2.2478453783562,-1.82441092643687,0.0410364145658093,-0.000979641717871644
24117,-2.21308842284242,-1.66616434294783,0.130812324929956,-0.000980621981343466
24123,-2.17496712778568,-1.50996837236069,0.120588235294093,-0
24130,-2.18148387585405,-1.26675315489532,0.110504201680655,0.00090600899281674
24136,-2.13389396632801,-1.11532207403978,0.100560224089612,0.000905172162083174
24142,-2.12521307787562,-0.877861342330316,0.0906162464985769,-0
24149,-2.06878469518821,-0.731838028393498,0.0808123249299442,-0.00188461538461531
24155,-2.00916033664069,-0.588103332494085,0.17100840336132,-0.000979299448577616
24161,-2.07357379236159,-0.396686630323228,0.161344537815111,0.000908104914858333
24168,-1.97382251929359,-0.344113064972934,0.151820728291298,-0
24174,-1.96722018321948,-0.327302041652667,0.142296918767492,0.00091190448538538
24180,-1.92631647116436,-0.396414916795299,0.132913165266089,0.000911056733628404
24187,-1.91870825234956,-0.385282592912424,0.12833099579241,-0.00188824662813097
24193,-1.91087096067622,-0.374049866860875,0.223735955056164,-0.000977010794355185
24199,-1.81008179973718,-0.325260235574966,0.21912798874822,0.00091402780492304
24206,-1.76704239618223,-0.397686878802292,0.214507042253508,-0
24212,-1.75855132072366,-0.386306201401301,0.209873060648782,-0
24218,-1.74987828532898,-0.374968724854031,0.205225988700555,0.000917877205684275
24225,-1.74111871077522,-0.363472048366557,0.200565770862788,-0.000974873574178097
24231,-1.64012454536581,-0.312949110030471,0.295892351274759,-0.00189555125725343
24237,-1.59543787834474,-0.383051990346387,0.291205673758846,0.000920893001997464
24244,-1.58599010114949,-0.371456122843302,0.286505681818156,0.000920028463452941
24250,-1.57651544549849,-0.35982726567449,0.281792318634409,-0
24256,-1.47542789918084,-0.30745884332931,0.277065527065503,0.000923928681179957
24263,-1.46543276543142,-0.295703214431471,0.272325249643337,-0.000972492821138037
24269,-1.41905915392887,-0.363421099853486,0.367571428571409,-0.00189922480620133
24275,-1.40876894203209,-0.351576120526942,0.362804005722438,-0
24282,-1.39820642618749,-0.340025689667923,0.358022922636088,0.000926984440511491
24288,-1.29658672502809,-0.28628251991319,0.353228120516476,-0.000973116373962612
24294,-1.3383198994819,-0.396026832011063,0.448419540229864,-0.00190291262135942
24301,-1.32680706877241,-0.384832799197893,0.443597122302144,0.000930060479889667
24307,-1.3149643919915,-0.373855440836996,0.438760806916406,0.000929178650969234
24313,-1.30279932242154,-0.363105911550451,0.43391053391052,-0
24320,-1.29031970808019,-0.352595113808353,0.429046242774547,-0.00190291262135908
24326,-1.27753378329599,-0.342333684007174,0.524167872648441,-0.00097345778411751
24332,-1.3146132016595,-0.455827793554975,0.519275362318943,0.000932269294099644
24338,-1.3012408591705,-0.446095876622899,0.514513788098796,-0
24345,-1.28758913556359,-0.436643505474178,0.509738372093132,-0.000972162119417964
24351,-1.273667716526,-0.427480118861222,0.604949053857467,-0.000973127463966774
24357,-1.25960887997612,-0.418694217846755,0.600145772594871,-0
24364,-1.29249798600928,-0.536111661792879,0.595328467153408,-0
24370,-1.27805263138118,-0.527770813160286,0.590497076023517,0.000939412317483873
24376,-1.26337667741748,-0.519745241871121,0.585651537335416,-0.000971818709762562
24383,-1.2484810974214,-0.51204270873298,0.680791788856439,-0.00191406249999991
24389,-1.23337714461152,-0.504670597271703,0.675917767988388,0.000942571529944182
24395,-1.17490768409421,-0.577448891683914,0.671029411764849,0.000941665828514917
24402,-1.24688397187589,-0.619239258387675,0.666273932253453,-0
24408,-1.23128730277484,-0.612713344371758,0.661504424778904,-0.00191406249999994
24414,-1.21538221597132,-0.606497628316663,0.756720827178881,-0.000972056156402506
24421,-1.28622374087142,-0.43711279702893,0.751923076923227,0.000944840241747324
24427,-1.22131536268462,-0.304780478175841,0.747111111111266,-0
24433,-1.28162433344585,-0.134747872354916,0.742284866468999,0.000948954132534995
24439,-1.33601278782727,0.037482312823867,0.73744427934637,0.000948036129674743
24446,-1.38426063236518,0.211725408162782,0.732589285714447,-0
24452,-1.33136905744517,0.418848098613537,0.727719821162609,-0
24458,-1.36628831789605,0.593309721641262,0.722835820895689,0.000952177958720449
24465,-1.39516351100965,0.769288921781475,0.717937219731112,0.00095125371094829
24471,-1.41792905731478,0.946366382695081,0.71302395209598,-0
24477,-1.3359252694201,1.14190750423139,0.708245877061643,0.000955423763824319
24484,-1.34567712810349,1.31730112859539,0.703453453453626,0.000954493207199251
24490,-1.34934561530261,1.49333905711948,0.698646616541524,-0
24496,-1.34676719390716,1.6695888037315,0.693825301204988,-0
24503,-1.24037096822651,1.9350359315697,0.688989441930794,0.000958691773382285
24509,-1.22235390065521,2.1080289709365,0.684138972809841,0.000957754843087402
24516,-1.19835914635917,2.28048786064102,0.67927382753421,-0
24522,-1.16837670346208,2.45242133714606,0.674393939394115,0.000961982216026121
24528,-1.03302029661168,2.61141042188664,0.669499241274835,0.000961038846353567
24535,-0.991609937964971,2.7782123031498,0.664589665653672,-0
24541,-0.944408621526949,2.94388525760631,0.659817351598342,-0
24548,-0.794167609820842,3.0857646056649,0.65503048780505,0.00096529532353856
24554,-0.853973247603477,3.18975111235885,0.650229007633754,0.000964345447874163
24560,-0.696557068758683,3.32387817579533,0.645412844036862,-0
24567,-0.630669724728538,3.48040743304488,0.640581929556056,0.000968631330904971
24573,-0.586725767107255,3.55763128969622,0.635736196319179,0.0028854831008904
24579,-0.512711896478112,3.71101232601122,0.530875576037026,0.00191406249999975
24586,-0.433366905586237,3.86213007335036,0.526000000000153,-0
24592,-0.382931218108949,3.93620858144249,0.521109399075655,0.000971990476371384
24599,-0.295894748548763,4.08353544946229,0.516203703703859,0.000971027385176805
24605,-0.203736932849421,4.22814461894852,0.511437403400457,-0
24611,-0.0199496300336492,4.3198584691073,0.506656346749367,0.000975373001499525
24618,0.038184046507328,4.38692340032174,0.501860465116415,0.000974403198874263
24624,0.140616076194507,4.5207753619621,0.497049689441127,-0
24631,0.247705410802977,4.65137342957432,0.492223950233409,-0
24637,0.359201547439586,4.77862933458533,0.487383177570223,0.000978779151226252
24643,0.425146286005461,4.83948414442503,0.482527301092169,0.000977802566770771
24650,0.543209433690479,4.96122911460684,0.477656250000116,-0
24656,0.66550954580825,5.07917623469585,0.47276995305176,0.000982209173920973
24663,0.863732649677469,5.12353078816705,0.467868338558105,0.000981225736247678
24669,0.935370332906096,5.17583727611769,0.463108320251294,-0
24675,1.0080370050765,5.22689624424178,0.458333333333449,-0
24682,1.09394885818778,5.15060876571944,0.45354330708674,0.000985663321447675
24688,1.23421824568263,5.12579479461319,0.448738170347134,0.000984672958163509
24695,1.25049986383344,5.12107021765957,0.44391785150092,-0
24701,1.33475238733314,5.04286108637688,0.439082278481138,-0
24707,1.40475573200232,5.08713031014614,0.43423137876399,0.000989141849224894
24714,1.48753037759297,5.00738429585023,0.429523809523936,0.00098814448691358
24720,1.62233723488038,4.9735646779756,0.424801271860225,-0
24726,1.63783783118209,4.96762827978199,0.420063694267647,0.000992645016290415
24733,1.77059279726396,4.93025658165794,0.415311004784826,0.000991640580494314
24739,1.83822729947436,4.96713154082745,0.410543130990554,-0
24746,1.91615229688509,4.88283216258656,0.405760000000143,-0
24752,1.98292669085519,4.9173719375209,0.400961538461679,0.000996173085364163
24758,2.05906230705548,4.83153026913365,0.396308186195967,0.000995161500565741
24765,2.18491380662345,4.78378323050441,0.391639871382779,-0
24771,2.24963248589426,4.81394129139295,0.386956521739272,-0
24778,2.32230430768361,4.7255554785388,0.382258064516272,0.00291574141338941
24784,2.38587347507497,4.75326468964925,0.277544426494494,0.00290709209826344
24790,2.50574465798951,4.6971938211132,0.272815533980733,-0
24797,2.51909473340237,4.68903980229315,0.26807131280404,0.00100330499922622
24803,2.54074507945097,4.56522650642205,0.263474025974176,0.00100227888553594
24810,2.56547464114512,4.44236134030805,0.258861788618034,-0
24816,2.53325864429062,4.40049836805031,0.254234527687437,-0
24822,2.56288958001656,4.27869452543752,0.249592169657561,0.00100690938846687
24829,2.53275003424686,4.23589339257186,0.244934640523013,0.00100587589267099
24835,2.52749657989459,4.08163576974497,0.240261865793919,-0
24842,2.56683461154431,3.96320629906648,0.235573770491939,-0
24848,2.54097863372655,3.91948762965566,0.231034482758758,0.00101053976875791
24854,2.54993389177698,3.76877086308413,0.226480263158031,0.00100949881090593
24861,2.49291629585051,3.68868386592271,0.22191103789141,-0
24867,2.54467819775882,3.57581391329858,0.217326732673406,0.00101419642224725
24874,2.56975987926847,3.43023743438936,0.212727272727413,0.00101314792122998
24880,2.52275844599691,3.34945751396378,0.208112582781602,-0
24886,2.55872668157997,3.20783341601126,0.203482587064819,-0
24893,2.51815791268338,3.1259159973265,0.198837209302475,0.00101787963518198
24899,2.56448372177566,2.98921136446684,0.194342762063371,0.00101682350871046
24906,2.61678365829489,2.85681884376676,0.189833333333475,-0
24912,2.5864998012605,2.7759632879851,0.185308848080275,-0
24919,2.63159021903844,2.61540551167703,0.180769230769371,0.00102158969798059
24925,2.70038887787031,2.49560593812822,0.176214405360277,0.00102052586256455
24931,2.58711211474375,2.45286980395653,0.171644295302151,-0
24938,2.48703263536292,2.44063483415466,0.167058823529551,0.002937656977253
24944,2.38597880819779,2.42486930164632,0.0624579124580507,0.00292887734768571
24951,2.27093688147587,2.36412510227888,0.0578414839798995,-0
24957,2.16868714216819,2.33953427616663,0.0532094594595947,-0
24963,2.06582809502801,2.31156619875571,0.0485617597294095,0.00102909155617577
24970,1.96243131542148,2.28005850069939,0.0438983050848805,0.00102801204748423
24976,1.85862798002368,2.24518374756261,0.039388794567202,-0
24983,1.75452360095392,2.20694916716833,0.0348639455783726,-0
24989,1.65017456822862,2.16520056372986,0.0303236797275659,0.00103288395397394
24996,1.5561184933626,2.17495701694922,0.0257679180888815,0.00103179647843685
25002,1.54964387831124,2.11082982393303,0.0211965811967261,-0
25008,1.4450242882261,2.06246252961562,0.016609589041245,-0
25015,1.34923181491742,2.06931926420574,0.0120068610636181,0.00103670440660102
25021,1.24409905247608,2.01607048788918,0.00738831615135638,0.00103560887569801
25028,1.13916003191499,1.95938401599564,0.00275387263354787,-0
25034,1.04190942740228,1.96359142277214,-0.00189655172398062,0.00104055322652225
25041,0.936882556609143,1.90224283673366,-0.00656303972349548,0.00103944955041664
25047,0.838817417997424,1.90525930186394,-0.0112456747403158,-0
25053,0.733719002044847,1.83900199286028,-0.0159445407277303,-0
25060,0.634809371588332,1.8407285111396,-0.0206597222220495,0.00104443073086069
25066,0.529820699831416,1.76962120579786,-0.0253913043476501,0.00104331881837498
25073,0.529882852211922,1.7631310145744,-0.03013937282212,-0
25079,0.425295375673683,1.68897640392319,-0.0349040139614232,-0
25086,0.324880016206525,1.68826825688815,-0.0396853146851299,0.00295699159409494
25092,0.324033844911929,1.68261865234333,-0.144658493870224,0.00294809619036688
25098,0.219614712554893,1.60404226280242,-0.149649122806835,-0
25105,0.118409547663624,1.60260941870799,-0.154657293497188,-0
25111,0.0169447432905256,1.60149787804911,-0.159683098591373,0.00105227308509647
25118,0.0130227229740738,1.51522678168548,-0.164726631393123,0.00105114442082852
25124,-0.0889748115120073,1.51304403213172,-0.169787985865547,-0
25131,-0.191303973689635,1.51139827472507,-0.174867256636993,-0
25137,-0.29460345055155,1.42285550274794,-0.179964539006917,0.00105623859332087
25144,-0.297353232400759,1.42020326384339,-0.185079928951872,0.00105510141084128
25150,-0.400287105570194,1.41793308319796,-0.190213523131497,-0
25156,-0.502600275549919,1.32530034553752,-0.19536541889466,0.00106023410280257
25163,-0.505863615607726,1.3238175465969,-0.200535714285543,0.00105908830531361
25169,-0.609085465519327,1.3210462638565,-0.205724508049919,0.00190291262135943
25176,-0.70991223708205,1.22426094724729,-0.31093189964141,0.00189922480620176
25182,-0.813229232512764,1.22014756619956,-0.31615798922784,0.00106425995529888
25189,-0.916661653567997,1.21644615542954,-0.321402877697679,0.00106310544453064
25195,-1.02015294655324,1.21295275321767,-0.326666666666505,-0
25202,-1.11914555429732,1.10877978062089,-0.331949458483592,-0
25208,-1.22252497456249,1.10420480599309,-0.337251356238539,0.00106831649777762
25214,-1.32597609821097,1.10005175809889,-0.342572463767958,0.00106715317395987
25221,-1.52272122014861,0.9828726882734,-0.347912885662275,-0
25227,-1.62615308562055,0.977620667174262,-0.353272727272568,-0
25234,-1.72942944419547,0.972597058307243,-0.358652094717513,0.0029737071912038
25240,-1.8327333205911,0.968000704012727,-0.464051094890358,0.00296471108643078
25247,-1.92701428100411,0.84878845120284,-0.469469835466022,-0
25253,-2.12982118533294,0.834387253260587,-0.474908424908271,-0
25260,-2.23299959086693,0.829134869867758,-0.480366972476915,0.00107652306720688
25266,-2.33599134323425,0.824090291590577,-0.485845588235144,0.00107534181183385
25273,-2.43895184148221,0.819474774816655,-0.491160220994324,-0
25279,-2.52985316845701,0.689998317049888,-0.49649446494449,-0
25286,-2.73203027565707,0.673845519788986,-0.501848428835331,0.00108067381505509
25292,-2.83454724709019,0.668334402570331,-0.507222222222062,0.00107948343802931
25299,-2.93698942075773,0.663247019369499,-0.512615955472931,-0
25305,-3.03944270960791,0.658179582128244,-0.518029739776786,-0
25312,-3.14167792929522,0.653289411204769,-0.523463687150667,0.00108485669489157
25318,-3.24374250810133,0.648374861850785,-0.528917910447589,0.00108365709014748
25325,-3.34576621101701,0.643676833844208,-0.534392523364311,-0
25331,-3.34816647054591,0.649404737805089,-0.539887640449258,-0
25338,-3.46334389963485,0.78556109012715,-0.54540337711051,0.00298672986093358
25344,-3.4653469275505,0.791421584498773,-0.650939849623867,0.00297765491109834
25351,-3.56692189252576,0.788774515230822,-0.656497175141048,-0
25357,-3.66832380186844,0.786095181509176,-0.661886792452634,0.0010933203546257
25364,-3.68124127732208,0.936692261146348,-0.667296786389215,0.00109210196961273
25371,-3.78255541303565,0.935923181690798,-0.672727272727073,-0
25377,-3.88363614712085,0.93529489527673,-0.678178368121245,-0
25384,-3.88478575526859,0.941604495602997,-0.683460076045435,-0.00079640891318416
25390,-3.98545612501896,0.941069692602654,-0.588761904761718,-0.000797056650960831
25397,-3.99553674481317,1.09735157086236,-0.594083969465466,-0
25403,-4.09607904629314,1.0987083976609,-0.599426386233084,-0
25410,-4.19638138317411,1.10018358652461,-0.604597701149238,0.00110191711373605
25416,-4.19682245327215,1.10691812450392,-0.609788867562195,0.00110067950395834
25423,-4.29688436309384,1.1085310736772,-0.61499999999981,-0
25429,-4.4035542625415,1.26717745264448,-0.620231213872643,-0
25436,-4.40346205734217,1.27377367895858,-0.625289575289386,0.00110626639058011
25442,-4.50336920330134,1.27675156700991,-0.630367504835405,0.00110501899733755
25449,-4.40738580448858,1.44353671215813,-0.635465116278887,-0
25456,-4.30716554404997,1.45121008531381,-0.640388349514375,-0
25462,-4.20814658815923,1.61227861611601,-0.645330739299418,-0.000787049379918517
25469,-4.10766864041353,1.61769180192318,-0.55029239766062,-0.000787681976460503
25475,-3.90577814480042,1.77112998406398,-0.555078124999802,-0
25482,-3.80522766526364,1.77435068465107,-0.559882583170058,-0
25488,-3.70074732229454,1.92207205327638,-0.56470588235274,-0.000786317028420892
25495,-3.59371088731972,2.06591653992161,-0.469548133595083,-0.000786948447772905
25501,-3.49282921036659,2.06474855138024,-0.474212598424998,-0
25508,-3.38325588806898,2.20252834848884,-0.478895463510653,-0
25514,-3.28212033185149,2.19893716938249,-0.483596837944468,0.00111952268946554
25521,-3.17010037709547,2.33080758633928,-0.488118811880994,-0.000784667381810099
25527,-3.05579629599402,2.45862563832256,-0.39265873015853,-0.00190661478599224
25534,-2.93949487304791,2.58248237002101,-0.397216699800993,-0
25541,-2.83815225419198,2.5724729482024,-0.40159362549781,0.00112401233859095
25547,-2.71967969127717,2.6901916280613,-0.405988023951899,-0.000783890157947094
25554,-2.59920227183791,2.80395782822233,-0.310399999999802,-0.00191033138401574
25560,-2.4767771412097,2.91365022607312,-0.314829659318441,-0
25567,-2.37544720171208,2.89729045822523,-0.319076305220683,-0.000783993120783383
25573,-2.25194279287215,3.00076215983798,-0.223340040241254,-0.000784620811925192
25580,-2.15104471271704,2.9819709245139,-0.227620967741736,-0
25586,-2.0500242986834,2.96295269781939,-0.23191919191899,-0.0019140624999999
25593,-1.85088722711057,2.92453109294316,-0.136032388663764,-0.000784707679030665
25599,-1.74994435371312,2.90485799672964,-0.140162271805067,0.00113179193397209
25606,-1.64901777942585,2.88484316892009,-0.144308943089221,-0.00191780821917803
25613,-1.44992902701843,2.84539697036027,-0.0484725050914392,-0.00192156862745093
25619,-1.34882423220393,2.8247959098153,-0.052448979591631,0.00113769997669297
25626,-1.24769054628278,2.80383494368197,-0.0564417177912091,-0.000785187895994308
25632,-1.04834811713942,2.76342628610187,0.0395491803280734,-0.00192534381139476
25639,-0.947104765057707,2.74172555322674,0.0355236139632424,-0.00192534381139495
25645,-0.845890451941122,2.71975909288572,0.131481481481678,-0.000786796953097322
25652,-0.646276922580773,2.67847591978419,0.127628865979581,0.00114100689059884
25658,-0.544838342153867,2.65600042455948,0.123760330578712,-0.00192913385826769
25665,-0.44328035632098,2.63313701711301,0.219875776397714,-0.00193293885601575
25671,-0.243552265622981,2.59090990965283,0.215975103734642,-0.000788189420802903
25678,-0.157556779361578,2.48338874620247,0.312058212058417,-0.000788823852042757
25684,-0.055369151770214,2.46143864140954,0.308333333333536,-0
25691,0.145332608282031,2.42183164494958,0.304592901879118,-0.00193675889328078
25697,0.247173617169156,2.3993413228449,0.400836820083882,-0.000788868972737498
25704,0.348902548414472,2.37666208132789,0.397064989518022,-0.000790220925387938
25710,0.339236903252621,2.29524943136986,0.493277310924569,-0.00194444444444454
25717,0.330620683592697,2.21355812129156,0.489684210526519,-0
25723,0.333236919719768,2.20762634124277,0.486075949367297,-0.00194444444444454
25730,0.325580331420256,2.12519974949394,0.582452431289852,-0.000791832856031545
25736,0.318962891842535,2.04255202406251,0.578813559322249,-0.000793195981829737
25743,0.313419979914584,1.95940724787389,0.675159235669007,-0.0019521912350597
25749,0.309086086177185,1.8759517770642,0.671489361702349,-0.0019521912350597
25755,0.205965102000739,1.79727558425316,0.768017057569516,-0.000794818965617135
25762,0.203653984557044,1.71150911226323,0.764529914530137,0.0011598944207033
25768,0.204498172396965,1.70384736410093,0.76102783725932,-0.00195608782435132
25775,0.203152139487536,1.61747643948627,0.857510729613956,-0.00196000000000002
25781,0.102903226830835,1.53071830838664,0.853978494623881,-0.000796231895627837
25788,0.203685331646467,1.44393308348956,0.950431034482982,-0.000796879345374525
25794,0.105757609020527,1.35348319292789,0.946868250540184,-0
25801,0.108930805815636,1.26446415866114,0.943290043290268,-0.00196392785571162
25807,0.108458319803181,1.25545089988827,1.03969631236465,-0.000796899364342712
25814,0.11259976512348,1.16593593792825,1.03608695652197,-0.000798296853412699
25820,0.0183732890787365,1.06759784604424,1.13246187363857,-0.00197183098591544
25827,0.0249567644552036,0.976353015311366,1.12882096069892,-0
25833,0.0327360261167149,0.885419680743651,1.12516411378579,-0.00197183098591544
25839,-0.0680319313843976,0.86376018357848,1.22171052631602,-0.000799921634909899
25846,-0.0697717369451274,0.854454576126277,1.21824175824198,-0.000801330867570111
25852,-0.170773822011666,0.832921040468131,1.31475770925132,-0.00197979797979808
25859,-0.272000713666622,0.811559574674592,1.31125827814591,-0
25865,-0.262964255712486,0.715889546475286,1.30774336283207,-0.000801344605982866
25872,-0.364355457962949,0.692780413957115,1.40421286031064,-0.000802000400569593
25878,-0.366943942230359,0.683772805842344,1.40066666666688,-0.0019838056680163
25885,-0.468570763368662,0.660807764655555,1.49710467706034,-0.00198782961460456
25891,-0.556913068861993,0.546397523993023,1.49352678571449,0.00118583491779124
25897,-0.559914496043368,0.537349520138883,1.48993288590624,-0.000803427865130587
