Alt,u,v,temp,bv2
22873,-1.82917031537878,-2.72743692472053,0.21732070365352,0.000746134367052024
22879,-2.10845565479079,-2.82182905027381,0.207442489851083,-0
22884,-2.31705387008718,-2.81610138832918,0.197564276048645,-0.00109135633355864
22890,-2.50354375580134,-2.87291251961347,0.287686062246202,-0.00109257305450038
22896,-2.80942174492592,-2.88771009786042,0.277807848443757,-0
22902,-2.99690564628932,-2.94103062106544,0.26792963464132,0.000750702822747987
22908,-3.21007363800671,-2.91270673512151,0.257780784844286,0.000750128207071995
22913,-3.493997380216,-2.99190595320282,0.247631935047266,-0
22919,-3.68221999223253,-3.04173783019022,0.23748308525024,0.000752718908519513
22925,-3.89798549560394,-2.99779334413765,0.22733423545322,-0.00108996405964405
22931,-4.1828973601872,-3.07184421427195,0.317185385656188,-0.00184557438794705
22937,-4.37160115667444,-3.11820677299115,0.307036535859162,0.000754745852248113
22943,-4.56002013236466,-3.16452822758017,0.296752368064851,0.00075416503293126
22949,-4.87519543562314,-3.12748080965209,0.286332882273243,-0
22954,-5.06422973272447,-3.17027404029138,0.275913396481627,0.000756783741886248
22960,-5.25310810384325,-3.21314107983134,0.265493910690019,0.00075619978300727
22966,-5.4732314178131,-3.13444283383539,0.255074424898403,-0
22972,-5.59533945666026,-3.02585190129741,0.244654939106795,0.000758832666339416
22978,-5.81368442287903,-2.93410496622727,0.234100135317902,0.000758245542373437
22984,-5.9329408795853,-2.81588461655686,0.223545331528989,-0
22989,-6.1241063330182,-2.84510407439634,0.212990527740097,0.000760892715477906
22995,-6.24193512773701,-2.7196806206891,0.202300405953892,0.000760302400622605
23001,-6.45665286536752,-2.6059469396166,0.191610284167702,-0
23007,-6.66986891964819,-2.48503096669216,0.180784844384213,0.000762963980151166
23013,-6.76301458692579,-2.48993748229676,0.169959404600725,0.000762370448323
23019,-6.97462220969368,-2.36005300545128,0.159133964817244,-0
23025,-7.08481233303922,-2.21245365683027,0.148308525033748,0.000765046552200947
23030,-7.27742094877022,-2.22461112368757,0.137483085250267,0.000764449777031306
23036,-7.48490313589188,-2.078748698512,0.126522327469473,-0
23042,-7.59021316371168,-1.91890615775339,0.11556156968868,0.000767140524473435
23048,-7.78278293800412,-1.92456478962955,0.104465493910595,0.000766540479304737
23054,-7.98522958166139,-1.76310332001491,0.0933694181325251,-0
23060,-8.07759945580483,-1.76033966263416,0.0822733423544406,0.000769245990835047
23066,-8.27711173002077,-1.59043547827863,0.0710419485790652,0.000768642648716772
23071,-8.46894952139565,-1.58976906828173,0.0598105548036898,-0
23077,-8.56538972195542,-1.4077839731949,0.0485791610283144,0.000771363046184569
23083,-8.457060525221,-1.39873497332632,0.0373477672529461,0.00077075637986922
23089,-8.3500674750883,-1.2153870867726,0.0259810554802797,-0
23095,-8.24146391762787,-1.20862031507734,0.0146143437076063,0.000773491786469754
23101,-8.1325805531889,-1.20200586452496,0.00324763193493993,0.000772881768408757
23106,-8.02204679263225,-1.02635311350138,-0.00811907983772642,-0
23112,-7.91284940607505,-1.02197519220011,-0.0194857916103857,0.00262266739779245
23118,-7.79915019123026,-0.85211542627981,-0.130987821380344,0.00261566737173193
23124,-7.68961448515704,-0.849852901862221,-0.142489851150302,-0
23129,-7.57296953987647,-0.685767540125267,-0.154127198917557,0.000777784710958321
23135,-7.4632631206905,-0.685700844184761,-0.165764546684805,0.000777167905535084
23141,-7.34375781152652,-0.527303046857386,-0.177537212449352,-0
23146,-7.23403525004687,-0.529496605378405,-0.189309878213891,0.00077994909242513
23152,-7.1123142828086,-0.377049314808115,-0.201082543978437,0.000779328850762015
23158,-7.00291813626537,-0.381505025618221,-0.212855209742976,-0
23163,-6.87901517817623,-0.235024683020292,-0.224627875507522,0.00262570097735716
23169,-6.76972600135873,-0.24167876396518,-0.336535859269361,0.00261868477005092
23175,-6.64367986706435,-0.101199847481024,-0.348443843031205,-0
23180,-6.53464442710476,-0.110208799200092,-0.36035182679305,-0
23186,-6.40676923158284,0.024157840646938,-0.372259810554894,0.000784314195243437
23192,-6.37568555563852,0.169970024526897,-0.384167794316738,0.000783686994392081
23197,-6.1685616750771,0.140884940304435,-0.396211096075874,-0
23203,-6.06029161258901,0.127018636010825,-0.408254397835009,0.000786515120547554
23209,-5.92941256348965,0.248784415712246,-0.420433017591435,0.00078588439609803
23214,-5.82163025204338,0.232552959222192,-0.432611637347861,0.00183864915572239
23220,-5.68955586867158,0.348010755038637,-0.544790257104303,0.00262393442550554
23226,-5.58257420812733,0.329270901494279,-0.55710419485802,0.000788094155171561
23232,-5.35208515697553,0.417694281569447,-0.569418132611737,-0.00183520599250953
23237,-5.24605741360779,0.396754096177517,-0.48173207036546,-0.00104769491826292
23243,-5.14034234806986,0.375696009442802,-0.494046008119177,0.000790316376146673
23249,-5.00809192139915,0.475438314884207,-0.506359945872909,-0
23254,-4.90307163366784,0.452316502981061,-0.518809201623917,0.000793192639995748
23260,-4.76996133362332,0.546000548205615,-0.531258457374932,0.00079255116473994
23266,-4.63562111240233,0.635643994591132,-0.54370771312594,-0
23271,-4.43491336746153,0.582636066989046,-0.556156968876948,-0
23277,-4.30050217802536,0.664554266787204,-0.56860622462797,0.000795443747865522
23283,-4.19690711769196,0.635196491344675,-0.581190798376277,0.000794798627866187
23289,-4.06218270656276,0.711234733229925,-0.593775372124576,-0.00183864915572238
23295,-3.92669415463761,0.783101292328379,-0.506359945872887,-0.00104439759360596
23300,-3.82433212384571,0.749830994164124,-0.518944519621186,0.000797058873657491
23306,-3.68883022643466,0.815712764557037,-0.531529093369493,-0
23312,-3.55278176666655,0.87757446776372,-0.544113667117806,0.000799984514775422
23318,-3.4517894767393,0.84057349467032,-0.55683355886341,0.000799332011478129
23323,-3.31599345299117,0.896498297876215,-0.569553450609014,-0
23329,-3.17993587685081,0.948280760262359,-0.582273342354618,0.000802274394514268
23335,-3.08039768338414,0.907363783018952,-0.594993234100222,-0.00104048711121241
23341,-2.94471911110592,0.953407881521226,-0.507713125845832,-0.00184557438794719
23347,-2.80895120096662,0.995341200849689,-0.520568335588727,0.000804577421019044
23352,-2.76382976849379,1.07569036635486,-0.533423545331623,0.000803917406943543
23358,-2.62743587893515,1.11126740464779,-0.546278755074518,-0
23364,-2.53094272587988,1.063220833116,-0.559133964817413,-0
23370,-2.4845383968648,1.13841471936906,-0.572124492557613,0.000806893707834465
23376,-2.3482992543194,1.16595617083249,-0.585115020297799,0.000806229889645666
23381,-2.21240670712041,1.1895674868924,-0.598105548037999,-0.00184557438794741
23387,-2.07682172041432,1.20952156063986,-0.511096075778184,-0.00103983323395742
23393,-1.94154374263164,1.22559812482566,-0.52408660351837,0.000808555714530597
23399,-1.80688933666049,1.23795096131602,-0.53707713125857,-0
23404,-1.67279769532808,1.24647622452726,-0.550067658998756,0.000811566523150461
23410,-1.49599625574355,1.31460080541596,-0.563058186738949,-0.00103816160637184
23416,-1.44426273381102,1.37239643016487,-0.476048714479141,-0.00185255198487719
23422,-1.31147166670084,1.36910391445325,-0.489039242219327,0.000813923285372153
23428,-1.17978214678276,1.3622471383142,-0.50202976995952,0.000813247855406546
23433,-1.04912209281777,1.35184623910173,-0.515020297699714,-0
23439,-0.919598168960412,1.33796670396988,-0.528010825439907,-0
23445,-0.791397339206093,1.32051322916354,-0.541001353180093,-0.00103780129791345
23451,-0.738812916014676,1.36658278482154,-0.453991880920292,-0.00103890147474906
23456,-0.612260726751002,1.34377947743502,-0.466982408660478,-0
23462,-0.487112344299735,1.31753139435458,-0.479972936400657,0.000818678113485892
23468,-0.363443753508394,1.28788997275605,-0.492963464140843,-0.00103806583381639
23473,-0.197206749695737,1.29717692843344,-0.405818673883743,-0.00185958254269435
23479,-0.144382975984559,1.33348522787016,-0.418673883626631,0.000821076421376326
23485,-0.0251447939947376,1.29356584225491,-0.431529093369527,-0.00103919347042384
23490,0.136893526411804,1.28740118637658,-0.34438430311242,-0.00186311787072239
23496,0.296357772633613,1.27381614247288,-0.357239512855308,-0
23502,0.408863715990462,1.22160136727769,-0.370094722598203,-0.00104119461663553
23508,0.562552776561442,1.19644735796005,-0.28294993234109,-0.00104230200361009
23513,0.659817382027778,1.2492829253208,-0.295805142083985,-0
23519,0.809325410172057,1.2125404219543,-0.308525033829575,0.000825915440512811
23525,0.954857956475103,1.16937818815165,-0.321244925575179,-0.00104144669749498
23530,1.09611205698722,1.12018231745981,-0.233964817320775,-0.00187022900763353
23536,1.23282874822047,1.06511391992867,-0.246549391069088,0.000828356402402685
23542,1.24374819962641,1.06172064014536,-0.259133964817387,0.000827656815849215
23547,1.25495258463247,1.0584820932282,-0.271718538565693,-0.00187022900763352
23553,1.26641786884407,1.05553193138601,-0.184167794316714,-0.00187380497131924
23559,1.23748422567897,1.14410358142085,-0.196617050067722,0.000830811835412618
23564,1.20661342867529,1.12195107596214,-0.208930987821439,0.000830108097012954
23570,1.21899236589567,1.11943187457732,-0.221244925575164,-0
23576,1.23176655573028,1.11711877672667,-0.233558863328881,-0.00104211637587855
23582,1.24477277533549,1.11513706842332,-0.145872801082618,-0.0010432257254829
23587,1.25802847028493,1.11335115089621,-0.158051420839044,-0
23593,1.27152755684388,1.11176497496888,-0.170094722598179,-0
23599,1.28521264668952,1.11029183334109,-0.182138024357315,0.000835766632609884
23604,1.25641611731694,1.08862203511983,-0.19418132611645,-0.00104234015715006
23610,1.2703352239518,1.08735415728299,-0.106224627875584,-0.00188099808061408
23616,1.28430231339836,1.08617845356984,-0.118132611637428,0.000838266259578257
23621,1.29847475839382,1.08496550962315,-0.130040595399272,0.00083754984144275
23627,1.26889791849374,1.17382032188463,-0.141813261163819,-0
23633,1.28333328146692,1.17291219461862,-0.153450608931067,0.000840780883274797
23639,1.25419968755951,1.15024431977929,-0.165087956698322,0.000840060162330625
23644,1.26897288463026,1.14950155738324,-0.17672530446557,-0
23650,1.28380703843402,1.14869950926627,-0.188362652232819,-0
23656,1.34254485763514,1.16982153694318,-0.199864682002769,0.000843310639065904
23661,1.35758221081192,1.16923928785243,-0.211231393775435,0.000842585576432304
23667,1.41692378571723,1.18991760441474,-0.222598105548109,-0
23673,1.43218568382209,1.18965985881766,-0.23382949932347,0.000845855663954536
23679,1.49207672495567,1.20978931552192,-0.245060893098845,0.000845126220280882
23684,1.50768023995344,1.20960687915923,-0.256156968876923,-0.00188099808061428
23690,1.52330675753817,1.20952820076117,-0.167253044655006,-0.00188461538461546
23696,1.58390421358003,1.22905646535844,-0.178213802435792,0.000848416096600004
23702,1.59983885846615,1.22917942150133,-0.189039242219287,0.000847682232058698
23708,1.6610744415009,1.24812722083532,-0.199864682002783,-0
23714,1.67701013353162,1.24829016581732,-0.210690121786286,0.000850992077346929
23719,1.73826089586724,1.26600936179431,-0.221380243572469,0.000850253751626145
23725,1.75401696062864,1.2654862277206,-0.231935047361368,-0
23731,1.81524806206295,1.28177907320967,-0.242354533152977,0.000853583748250059
23737,1.83051999229588,1.28081439875173,-0.252774018944585,0.000852840920546365
23743,1.89178251393891,1.29577405228911,-0.263193504736201,-0
23748,1.90679373008027,1.29412379232521,-0.273477672530511,-0
23754,1.96801593824577,1.3075388472215,-0.283761840324829,0.000856191253097787
23760,1.98265263473607,1.30528496837111,-0.293775372124557,0.000855443882108626
23766,2.04360536119384,1.31733162920824,-0.303788903924293,-0
23772,2.10464022362988,1.32819431176647,-0.31366711772673,0.000858814737443597
23778,2.2127635986625,1.35035221711466,-0.323545331529168,0.000858062781359634
23783,2.27377247165258,1.35826989811654,-0.333423545331613,0.00188461538461533
23789,2.38243184580227,1.37474611584165,-0.443031123139455,0.00188099808061415
23795,2.44324331590621,1.37949809024222,-0.452638700947304,0.000861454348628873
23801,2.55211368630477,1.390570493809,-0.462110960757848,0.000860697765126196
23807,2.61247747331719,1.39253085997975,-0.471583220568405,-0
23813,2.72132609298045,1.39835011172136,-0.481055480378956,0.000864110235811255
23818,2.83007582335421,1.40065752543156,-0.490392422192222,0.000863348982043438
23824,2.8899112773793,1.39818924036773,-0.499594046008191,-0
23830,2.99849449504215,1.39529088841428,-0.508795669824153,-0
23836,3.05776187950702,1.38998860425623,-0.517861975642838,0.00086678254999568
23842,3.16548468888927,1.38144356059572,-0.526928281461508,0.000866016582585688
23847,3.22394003936446,1.37310014293736,-0.535994587280186,-0
23853,3.33053287348536,1.35905943388009,-0.545060893098864,0.000869471444059464
23859,3.38798950798709,1.34797262301882,-0.553991880920243,0.000868700719091419
23865,3.49335372673931,1.32871021524215,-0.562787550744332,-0
23871,3.54973353306702,1.3149106238531,-0.571583220568428,-0
23876,3.65350253494638,1.29044130569716,-0.58037889039251,0.000872177072782943
23882,3.70877395873181,1.27400604666467,-0.589174560216605,0.00275239962640785
23888,3.6936018213737,1.17076204841891,-0.697834912043398,0.00187739463601524
23894,3.6546189715441,1.17508253712454,-0.70635994587289,0.000874899592879002
23900,3.59610890381606,1.08064223464275,-0.714884979702383,0.000874119218849717
23905,3.58348304998937,0.976777301935964,-0.723410013531883,-0
23911,3.52938067528039,0.880535429652689,-0.731935047361375,-0
23917,3.49397551072069,0.881757734984064,-0.740460081190875,0.000877639163023812
23923,3.44438196442538,0.783200393804555,-0.748849797023077,0.000876853896371052
23929,3.4359608960467,0.678401389568153,-0.757239512855278,-0
23934,3.40313449490834,0.677602756638029,-0.76562922868748,0.000880395943886785
23940,3.3595390126961,0.576568055584807,-0.773883626522398,0.000879605738453771
23946,3.31934819269266,0.474479404568842,-0.782138024357295,-0
23952,3.25444522021432,0.473498335080299,-0.79039242219222,-0
23958,3.2205490154626,0.369367347675523,-0.798646820027116,0.000883170098163048
23963,3.18988624607369,0.264442563582207,-0.806901217862034,-0.000995019728804498
23969,3.13276812416394,0.158797919457309,-0.715020297699652,-0.00188099808061396
23975,3.10680803919008,0.152514445396227,-0.723139377537272,0.000885961790603934
23981,3.05798850305285,0.0441809839426999,-0.731258457374892,0.000885161566801182
23987,3.01600839057483,-0.0654428484636251,-0.739242219215207,-0
23992,2.9808172281873,-0.176259750601406,-0.747225981055536,-0
23998,2.93527233998597,-0.189202586115732,-0.755209742895865,0.000888771188051709
24004,2.81849866511022,-0.220754353944801,-0.763193504736179,0.000887965883466813
24010,2.62105881074672,-0.187364028936081,-0.771177266576508,-0
24015,2.43380549041132,-0.170387833547767,-0.77916102841683,0.000891598459470159
24021,2.26902605252387,-0.277389185409667,-0.787144790257159,0.000890788025560665
24027,2.02889601718402,-0.349457924346232,-0.794993234100183,-0
24033,1.88742756622327,-0.504737602152148,-0.802841677943221,-0
24038,1.68117388487202,-0.621783983265035,-0.81055480378896,0.000894443775980848
24044,1.57379252841969,-0.817508741252534,-0.818267929634708,-0.000987369917030389
24050,1.40681952690962,-0.961312352795489,-0.725981055480439,-0.00188461538461552
24055,1.26076499105027,-1.09786241158088,-0.733694181326179,-0
24061,1.22319289580816,-1.27240336913305,-0.741407307171912,0.000897307310896687
24067,1.10076884605246,-1.44063529060839,-0.749120433017659,0.000896486470219292
24072,1.09385599241764,-1.55390650728839,-0.756833558863391,-0
24078,0.99350256343452,-1.7072629903515,-0.764546684709138,0.000900189239757251
24084,0.900457749384265,-1.83387572443458,-0.772259810554871,0.000899363120365835
24089,0.908230405532678,-1.91625823543751,-0.779972936400611,-0
24095,0.826732098863194,-2.05499846782226,-0.787686062246358,-0
24101,0.841885310005786,-2.13915797337514,-0.795399188092091,0.000903089740363254
24106,0.752412553740825,-2.20433371726936,-0.803112313937831,0.000902258291173543
24112,0.772299146093761,-2.29037909547885,-0.810825439783564,-0.00188461538461523
24118,0.771025508739886,-2.29153610235537,-0.718538565629309,-0.00188824662813087
24123,0.855686868438449,-2.22598355336928,-0.726251691475042,0.000906008992816659
24129,0.85426921485477,-2.22650826741014,-0.733964817320775,0.000905172162083093
24135,0.940351804830907,-2.16352845265082,-0.741677943166522,-0
24140,1.02774853349984,-2.10350977894686,-0.749391069012255,-0
24146,1.02606857924171,-2.1031170443517,-0.757104194857988,0.000908947179553332
24152,1.11467914065738,-2.04583697528235,-0.764817320703727,0.000908104914858333
24157,1.10608095248902,-2.00900904296465,-0.77253044654946,-0
24163,1.20251102016142,-1.99056291466055,-0.780243572395207,0.00091190448538538
24169,1.19466982836591,-1.95462426886675,-0.78795669824094,-0.000977189894502569
24174,1.28644742867653,-1.90445868003168,-0.695669824086671,-0.00189189189189184
24180,1.37928007490039,-1.85723447904592,-0.703382949932418,-0
24186,1.37385910490243,-1.82358739885444,-0.711096075778151,0.000914881097536659
24191,1.46861814168983,-1.78094599363046,-0.718809201623891,0.00091402780492304
24197,1.46469458344742,-1.74843876301142,-0.726522327469624,-0
24203,1.56141985647137,-1.71039018465781,-0.734235453315357,-0.00189189189189194
24208,1.65885413888582,-1.67557765275363,-0.641948579161095,-0.000977674051569157
24214,1.65694812926566,-1.61953505614893,-0.649661705006835,0.000917018317713841
24220,1.75622399825452,-1.59118350492112,-0.657374830852575,-0
24226,1.75617316206421,-1.56258592192703,-0.665087956698308,0.000920893001997464
24231,1.85674236241311,-1.53897082129188,-0.672801082544041,0.000920028463452941
24237,1.85784406743683,-1.51166182734128,-0.680514208389788,-0.00189555125725339
24243,1.95931657932394,-1.49283660322589,-0.588227334235519,-0.00189922480620156
24248,1.96148855701599,-1.46684460721259,-0.595940460081252,0.000923928681180181
24254,2.06599301590836,-1.43389861912442,-0.603653585926985,0.000923058436115353
24260,2.06923756666929,-1.40928328200335,-0.611366711772718,-0
24266,2.17469666784344,-1.38477930578192,-0.619079837618465,-0
24271,2.18306140566875,-1.34473817061067,-0.626792963464197,0.000926984440511491
24277,2.28933085598531,-1.33063538279805,-0.63450608930993,-0.000973116373962612
24283,2.30412829333455,-1.27908005481203,-0.542219215155669,-0.00190291262135942
24288,2.41476879899512,-1.26390763623765,-0.549932341001401,-0
24294,2.43839656338373,-1.20577694567913,-0.557645466847141,0.000930060479889667
24300,2.55897962439615,-1.18701749512772,-0.565358592692874,0.000929178650969234
24306,2.60095672527617,-1.11870190930086,-0.573071718538607,-0
24311,2.73068420792688,-1.11387533602344,-0.580784844384347,-0
24317,2.79424596311544,-1.04937378602976,-0.58849797023008,-0.000971567574827962
24323,2.92446132206058,-1.07510507493662,-0.496211096075811,-0.000972531738401964
24328,3.01447671268492,-1.0276089099768,-0.504059539918849,-0
24334,3.1245731688051,-1.09630775785994,-0.511772665764596,0.000936274211733405
24340,3.19725285759906,-1.0846543622806,-0.519485791610329,0.000935380566118901
24346,3.21434596452428,-1.07730583574305,-0.527198917456062,-0
24351,3.25083377793599,-0.971859516092086,-0.534912043301802,-0
24357,3.35893891334842,-0.882980364626243,-0.542625169147549,0.000939412317483848
24363,3.77673436638163,-1.29592003825586,-0.550473612990572,0.000938512674252921
24368,3.4858032610715,-2.08192162920144,-0.558322056833603,-0
24374,3.37455925592941,-2.11268376718992,-0.566170500676641,-0
24380,3.34833782386769,-2.21230759926898,-0.574018944519665,-0.000965877052798988
24385,3.32518861161331,-2.20747190039465,-0.481867388362701,-0.000966829949597228
24391,3.32819445670687,-2.29915993422798,-0.489715832205732,-0
24397,3.32776026248409,-2.39081511974253,-0.497699594046061,-0
24402,3.33274474115151,-2.38119088209938,-0.50568335588639,0.000945752062775562
24408,3.34818206614569,-2.47101883399305,-0.513667117726705,0.000944840241747372
24414,3.33419145234666,-2.46297705274526,-0.521650879567034,-0
24420,3.348185544755,-2.55259497576832,-0.529634641407362,-0.00191033138401546
24425,3.35346406288857,-2.54259342898221,-0.437618403247683,-0.000965108367465141
24431,3.36761795436652,-2.63209636353629,-0.445602165088012,0.000948036129674469
24437,3.37320250374266,-2.62173496797317,-0.453585926928334,-0
24442,3.36314365078863,-2.71291013525454,-0.461569688768662,-0
24448,3.37585527688197,-2.8020645459263,-0.469688768606282,0.000952177958720778
24454,3.38148178104144,-2.79138301364889,-0.477807848443902,-0.000962808789051497
24459,3.25482519309068,-2.8840900383668,-0.386062246278819,-0.0019178082191782
24465,3.11111187746035,-2.96408619665853,-0.394316644113729,-0
24471,2.95130582040316,-3.02931361523096,-0.402571041948647,0.000955423763824319
24476,2.80923126800234,-3.08648207394961,-0.410825439783558,0.000954493207199251
24482,2.65588141893779,-3.13113474356126,-0.419079837618476,-0.00191780821917812
24488,2.52665510356595,-3.17605091843985,-0.327334235453385,-0.00192156862745102
24493,2.35511321730818,-3.19496222340335,-0.335588633288303,0.000958691773382122
24499,2.21084372938702,-3.21780723610733,-0.343843031123214,0.00095775484308724
24505,2.09647634846604,-3.25181719527599,-0.352097428958139,-0
24510,1.94113927211209,-3.25556193247905,-0.36035182679305,-0.00192156862745078
24516,1.81760655462244,-3.27482579364863,-0.268606224627966,-0.000963361595368639
24522,1.69036425816259,-3.28745127237124,-0.276995940460168,0.000961038846353501
24528,1.5598879868305,-3.2931474896429,-0.285385656292377,-0
24533,1.46423299092817,-3.32530777973281,-0.293640054127287,-0.00192534381139493
24539,1.32808359737317,-3.31907925022717,-0.201894451962197,-0.000963838534729227
24545,1.2279744858619,-3.34336634605353,-0.210148849797108,0.000964345447874127
24550,1.08719594271459,-3.32476131600055,-0.218403247632018,-0
24556,0.983224043652728,-3.34084504031618,-0.226657645466929,-0
24562,0.877925386629089,-3.35374093129749,-0.23491204330184,-0.000962409281951204
24567,0.771046652146457,-3.36348446542273,-0.143166441136749,-0.000963355345345262
24573,0.739477790547808,-3.30560314292527,-0.15142083897166,-0
24579,0.709026436246719,-3.24709473903187,-0.159675236806571,-0.00193293885601573
24584,0.679442588456911,-3.18793836850243,-0.0677943166441892,-0.00096476841690937
24590,0.650866524491624,-3.12812598330329,-0.0759133964818091,0.000971027385176634
24596,0.623050975474492,-3.06763760111414,-0.0840324763194289,-0
24601,0.596347184692689,-3.00656426924018,-0.0921515561570416,-0.00193675889328061
24607,0.57078932045024,-2.94494870894282,-0.00027063599466004,-0.000965221057906334
24613,0.546012968814912,-2.88270647545909,-0.00838971583227988,0.000974403198874324
24618,0.522390809328554,-2.81995628708598,-0.0165087956698997,-0
24624,0.499925417494738,-2.75671627611995,-0.0246278755075053,-0.00194059405940594
24630,0.478149610631184,-2.69289626858854,0.0672530446548762,-0.000965665293218126
24635,0.457240834426192,-2.62880791605328,0.0591339648172564,0.000977802566770837
24641,0.437293227297075,-2.56462651474617,0.0510148849796508,-0.00194444444444466
24647,0.418258826339658,-2.50007695486281,0.142895805142032,-0.00194831013916523
24652,0.400244419493882,-2.43535659589701,0.134912043301703,0.000982209173921106
24658,0.383086969359719,-2.37054786033721,0.126928281461382,-0.000967084402917268
24664,0.366654714662722,-2.30537759987886,0.218944519621054,-0.00195219123505983
24669,0.351270246632198,-2.24009005835792,0.210825439783434,-0
24675,0.336815520253658,-2.17465160878217,0.202706359945822,0.000985663321447759
24681,0.323400136181131,-2.10911512600342,0.194722598105486,-0.000967518276896068
24686,0.332321114082815,-2.10067956042093,0.286738836265165,-0.0019560878243512
24692,0.317759236892746,-2.03353335977283,0.281300813008059,-0
24698,0.418554277080579,-1.98950914636758,0.27584803256439,-0.000968920310154894
24704,0.405543170129513,-1.92399110518606,0.37038043478254,-0.00096987922411269
24709,0.393482555590837,-1.85837778526918,0.365034013605374,-0
24715,0.495351375720393,-1.8182454322979,0.359673024523104,-0.00196000000000002
24721,0.484590297186501,-1.7542993690737,0.454297407912627,-0.000971282839420997
24727,0.491123586239311,-1.74552798636488,0.448907103825071,0.000991640580494341
24732,0.481274048182303,-1.68177948332418,0.44363885088913,-0.00196392785571153
24738,0.568814246340722,-1.59195920787798,0.538356164383508,-0.00196787148594388
24744,0.575132701727545,-1.58376979141173,0.533058984910774,0.000996173085364131
24749,0.567446601181723,-1.52175904980671,0.527747252747183,-0.000972709985377903
24755,0.560685335244331,-1.45976307765601,0.622420907840372,-0.00197183098591533
24761,0.664230137138377,-1.42981085591801,0.617217630853922,-0.00197183098591553
24767,0.658627610639524,-1.36964804424562,0.711999999999932,-0.000976080128697904
24772,0.653931946076018,-1.3095428092453,0.706767955801041,0.000998707512517937
24778,0.650009647169208,-1.24949677796926,0.70152143845084,-0
24784,0.754415381237021,-1.22554098652206,0.696398891966695,-0.00197580645161291
24790,0.751686017233852,-1.16756646501931,0.791262135922267,-0.000976492980571713
24795,0.749723562415432,-1.10969580348663,0.786111111111047,0.00100227888553599
24801,0.771885186213225,-1.20715608647253,0.780945757997159,-0
24807,0.885245796426027,-1.23384441459327,0.775766016713028,-0.00197979797979804
24813,0.911943943207667,-1.32740548419935,0.870711297071068,-0.000976896279549395
24818,0.941973988112686,-1.4204286315247,0.865642458100496,0.00100587589267098
24824,0.975315283345596,-1.51279765481109,0.860559440559378,-0.00198380566801634
24830,1.10659760599409,-1.57170300482816,0.95546218487388,-0.00198782961460461
24836,1.14538503217956,-1.65899924196029,0.95049088359039,0.00101053976875802
24841,1.18727670724755,-1.74534025674391,0.94550561797746,0.00100949881090605
24847,1.32286828299051,-1.78835653329961,0.940506329113866,-0.00198782961460439
24853,1.36932920108773,-1.86932819209007,1.03549295774641,-0.00199186991869911
24858,1.41857339619336,-1.94880440487298,1.03060648801122,0.00101419642224729
24864,1.49518334969344,-2.06700912776892,1.02570621468919,0.00101314792123002
24870,1.63406095620477,-2.08655811799466,1.02079207920784,-0
24876,1.69056917959102,-2.15749935666867,1.01586402266282,-0.00199186991869913
24882,1.7776034220032,-2.26215645707371,1.11092198581554,-0.00199592668024434
24888,1.83982710479945,-2.32842816048636,1.10610795454538,0.00101787963518191
24894,1.97729262025272,-2.32468872370826,1.10128022759595,0.00101682350871039
24899,2.07231538814503,-2.41522411444451,1.09643874643867,-0.00199592668024448
24905,2.13907873241414,-2.47231275665579,1.19158345221107,-0.00200000000000008
24911,2.20750393262919,-2.52745946543401,1.18671428571422,0.0010215896979806
24917,2.27757719918764,-2.58084057254437,1.18197424892697,0.00102052586256456
24923,2.34919394248335,-2.6323479986952,1.17722063037242,-0
24929,2.42249082159519,-2.68201317656398,1.17245337159247,-0.00200000000000016
24935,2.49734373024528,-2.72974145275921,1.26767241379304,-0.000978763074237649
24941,2.57390264728956,-2.77543131538456,1.26287769784166,0.0010242552762385
24947,2.65200154498225,-2.81894280066021,1.25821325648409,-0
24953,2.7317318237814,-2.86012978030259,1.25353535353528,-0
24959,2.81289452497333,-2.89895061202297,1.24884393063578,-0.000977102905084031
24965,2.85520808439054,-2.91848393518987,1.3441389290882,-0.00097807809176246
24971,2.93851733206457,-2.95353736871443,1.33942028985501,-0
24977,3.02263469934379,-2.9858168511569,1.3348330914368,-0
24983,3.10745597120284,-3.01527658632772,1.33023255813946,0.00103288395397399
24989,3.19274099038999,-3.04192867282113,1.32561863173211,-0.000976400242874548
24995,3.27851734220748,-3.0656773570216,1.42099125364425,-0.00201232032854207
25001,3.36467828642186,-3.08648704812541,1.41635036496344,-0
25007,3.4510106193034,-3.1044646422136,1.41169590643268,0.00103670440660088
25013,3.53751130403461,-3.11944594348727,1.40702781844796,0.00103560887569787
25019,3.58067436456167,-3.12732586997928,1.40249266862163,-0
25024,3.66696152074847,-3.137914513605,1.39794419970625,-0.00201232032854204
25030,3.75317953258565,-3.14556437353482,1.49338235294111,-0.000975907678827483
25036,3.66479192793464,-3.14406033098735,1.48880706921937,0.00103944955041665
25042,3.61090620236238,-3.2434577228393,1.48421828908547,-0
25048,3.5637776983624,-3.24240556827423,1.47961595273257,-0
25054,3.47141241877278,-3.23460037915263,1.47499999999993,0.00104443073086078
25060,3.40816619377178,-3.33004882936437,1.47051851851844,-0.000973142086974779
25066,3.31233840830907,-3.31716245607545,1.56602373887234,-0.00202061855670109
25072,3.26284994787101,-3.31133858483186,1.56151560178299,-0
25078,3.19055258035002,-3.40211574686908,1.55699404761899,0.00104833724148519
25084,3.13893902351298,-3.39433479587207,1.55245901639337,0.00104721700007591
25090,3.04013997303456,-3.37275479462511,1.54791044776114,-0
25096,2.98853909556058,-3.36249727554082,1.54334828101638,-0.00202061855670111
25102,2.90608190006074,-3.44639136905769,1.63877245508977,-0.00202479338842983
25107,2.85278537117203,-3.43370115386275,1.63418290854567,0.00105227308509637
25113,2.79957395243967,-3.42002186936256,1.62957957957953,0.00105114442082843
25119,2.69926082663239,-3.38702949008353,1.62496240601498,-0
25125,2.60741095770135,-3.46282836755169,1.62033132530117,-0.0020247933884296
25131,2.55302839400866,-3.44491915896685,1.71568627450976,-0.00097274691392549
25137,2.49866754609959,-3.42601493797076,1.71102719033229,0.00105510141084114
25143,2.44452276471223,-3.4063120601228,1.70635400907711,-0
25149,2.34502889725197,-3.47471379207971,1.70166666666663,-0
25155,2.24205420479888,-3.42637595087816,1.69696509863425,-0.000970946506105814
25161,2.04146207678646,-3.43130931079588,1.79224924012155,-0.00097190943679143
25167,1.83629163757929,-3.42305649881078,1.78751902587515,-0
25172,1.73479866792736,-3.35742756738498,1.78277439024387,-0
25178,1.52667477776418,-3.32858475989821,1.77801526717554,0.00106425995529907
25184,1.36121282067032,-3.32691586178142,1.77324159021403,-0.000970089576215966
25190,1.21913305939486,-3.20267178447888,1.86845329249614,-0.00203742203742194
25196,1.05162432294278,-3.18463831690016,1.86365030674844,-0
25202,0.882226810696965,-3.15852457745981,1.85883256528415,-0
25208,0.789175593618008,-3.06099026433449,1.85399999999998,-0.000971326571864677
25214,0.619887236604018,-3.02080217372136,1.94915254237286,-0.000972290256928064
25220,0.53213228021208,-2.91462811345431,1.94429012345677,-0
25226,0.364426997431147,-2.86026596244358,1.93941267387943,-0
25231,0.197030040898425,-2.79746561333616,1.934520123839,0.00107240408251691
25237,0.117805185072842,-2.67743245355145,1.92961240310077,-0.000970434822316516
25243,-0.0461319496100061,-2.60044112533484,2.02468944099378,-0.00204592901878937
25249,-0.177096055014136,-2.5808726951839,2.01959564541212,-0
25255,-0.248080697352099,-2.44864899237578,2.0144859813084,0.00107652306720717
25261,-0.37825057403544,-2.42089462367798,2.00936037441497,-0.00097058720695506
25267,-0.508450338383705,-2.38942487591309,2.10421874999999,-0.00205020920502097
25273,-0.545212898438803,-2.31814130916379,2.09906103286384,-0
25279,-0.553701198555088,-2.31831923089963,2.09388714733542,0.00108067381505502
25285,-0.588934068707947,-2.24633521656692,2.08869701726844,0.00107948343802924
25291,-0.597142873551433,-2.24629508456968,2.08349056603772,-0.00205020920502069
25297,-0.725383791867995,-2.2061985959601,2.17826771653542,-0.00205450733752598
25303,-0.733307196445026,-2.20594969551341,2.17287066246055,-0
25309,-0.76599272561926,-2.13100344604633,2.16745655608213,0.00108485669489149
25315,-0.77362504535989,-2.13055522529753,2.16202531645568,0.0010836570901474
25321,-0.900341847785888,-2.08423065574633,2.1565768621236,-0.00205450733752606
25327,-0.907800821114929,-2.08334321884822,2.2511111111111,-0.00205882352941162
25333,-0.937771384909827,-2.00552469593317,2.24562798092209,0.00108907208127923
25339,-0.944805579668354,-2.00470641112243,2.24012738853502,0.00108786314110043
25345,-1.04779456110772,-2.03125731412166,2.23460925039871,-0
25351,-1.07644339398578,-1.95122292461981,2.22907348242811,-0.0020588235294119
25357,-1.08299558810254,-1.95004779525699,2.32335999999999,-0.00096983754011136
25363,-1.1099500007314,-1.86948287515514,2.31762820512819,0.00109210196961265
25369,-1.21305959315461,-1.89238116977737,2.3118780096308,-0
25376,-1.21900190439639,-1.89111654072259,2.30627009646301,-0
25382,-1.24436266666997,-1.80842128090401,2.30064412238324,-0.00206315789473689
25388,-1.24998430185654,-1.80702048047532,2.39499999999999,-0.000969908647226043
25394,-1.27359886284972,-1.72386255015295,2.38933764135702,0.00109637396033456
25400,-1.39376055377219,-1.65932401538279,2.3836569579288,-0
25406,-1.39886927820273,-1.65764555579015,2.37795786061588,-0
25412,-1.41926576798591,-1.57195767203376,2.37224025974026,-0.000967918154436365
25418,-1.43800163706393,-1.48586973022579,2.46650406504065,-0.000968875084828188
25424,-1.44248112179057,-1.4841682021709,2.46074918566775,-0
25430,-1.45940813263703,-1.39775341961973,2.45497553017945,-0
25436,-1.47466166204325,-1.31100405965911,2.44934640522876,0.00110626639058
25442,-1.47861032042034,-1.30908726851555,2.44369885433715,0.00110501899733744
25448,-1.49204268702826,-1.22208174036493,2.43803278688524,-0.00207188160676531
25454,-1.49559452916678,-1.21993391347614,2.53234811165845,-0.00207627118644066
25460,-1.5072002336342,-1.1327089441324,2.52664473684209,-0
25466,-1.51711805702388,-1.04524980524452,2.52092257001647,0.0011106501367872
25471,-1.52012347582969,-1.04294889131839,2.51518151815181,0.00110939284361016
25477,-1.62806940387434,-0.96057534937894,2.50942148760329,-0.00207627118644074
25483,-1.63453422271143,-0.871056871998451,2.60380794701986,-0.00208067940552023
25489,-1.63698757430864,-0.868637063010365,2.59817578772802,0.00111506876375708
25495,-1.64166969690626,-0.778833941903999,2.59252491694352,0.00111380145231982
25501,-1.6438596474252,-0.776191748803191,2.58685524126456,-0
25507,-1.64666862298952,-0.686351778063428,2.58116666666667,-0
25513,-1.648656606122,-0.683632245892128,2.5754590984975,-0
25519,-1.55043485791199,-0.680850096112802,2.56973244147158,0.00111952268946534
25525,-1.55125652301063,-0.763528165640258,2.563986599665,0.00111824523954895
25531,-1.55261377931081,-0.760638922979347,2.55838926174497,-0
25537,-1.45377530624281,-0.755959973393366,2.5527731092437,-0
25543,-1.45471053791253,-0.752987851856365,2.54713804713806,0.00112401233859113
25549,-1.35330270258147,-0.830239450878029,2.54148397976392,0.00112272462804546
25555,-1.3537426262478,-0.827101740567947,2.53581081081082,-0
25561,-1.35410858312514,-0.82384762719397,2.53028764805415,-0
25567,-1.25432391464244,-0.817089907003615,2.52474576271187,0.00112853814265242
25573,-1.25076555473414,-0.894022194787453,2.51918505942275,0.00112724004735715
25579,-1.25049917401447,-0.890745091373789,2.51360544217687,-0
25585,-1.15016089019254,-0.882238666539801,2.50800681431004,-0
25591,-1.14947777644965,-0.878976032837384,2.50238907849828,-0
25597,-1.04416414365783,-0.947031782363493,2.49692307692307,0.00113310054014733
25603,-1.04319501076172,-0.943690189092348,2.49143835616438,0.0011317919339721
25609,-1.04202086059168,-0.940373766680547,2.48593481989708,0.00208067940552012
25615,-0.93499879012908,-1.00492951359853,2.38041237113401,0.00207627118644063
25621,-0.933343636684249,-1.00160838083453,2.37504302925989,0.0011376999766931
25627,-0.93160512557588,-0.998204642554963,2.36965517241379,0.00113638073145668
25634,-1.02192742164418,-1.08000513077226,2.3642487046632,-0
25640,-1.11916990248289,-1.08709378716751,2.35899653979238,-0
25646,-1.21614311359235,-1.09418629046189,2.35372616984402,-0
25652,-1.30364173239897,-1.1828520419711,2.3484375,0.00114233690517056
25658,-1.39996809283284,-1.19177454745997,2.34330434782608,0.00321727807703938
25664,-1.49613125217407,-1.20058632049499,2.23815331010454,0.00207188160676509
25670,-1.5920397156962,-1.20944332964673,2.23298429319372,-0
25676,-1.67608140410882,-1.30660642638554,2.22779720279721,0.00114701178587531
25682,-1.77127163716486,-1.3173189723598,2.22276707530649,0.00114567086955886
25688,-1.86622720360342,-1.32811066957422,2.21771929824561,-0
25694,-1.96116845988226,-1.33889138045162,2.21265377855887,0.00207188160676528
25700,-2.0419068256142,-1.44459854940649,2.1075704225352,0.00206751054852316
25706,-2.13656126148031,-1.45708324952923,2.1026455026455,0.00115172508666853
25713,-2.23127302043462,-1.46939538421289,2.09770318021201,0.00115037313401805
25719,-2.32604631252199,-1.48173031374077,2.09274336283185,-0
25725,-2.51957427008033,-1.50969695744298,2.08776595744681,-0
25731,-2.59674756523603,-1.62701200681748,2.08277087033748,0.0032264276571486
25737,-2.69119006576601,-1.64103292262341,1.97793594306049,0.00321584023279344
25743,-2.78561816959448,-1.65504191721023,1.97308377896613,-0
25749,-2.88003179959627,-1.66903892671426,1.96821428571428,-0
25755,-2.87595010279308,-1.66565906904815,1.96332737030411,-0
25761,-2.9704107751908,-1.67966827177358,1.95842293906809,0.00116126885873422
25767,-2.96637623744743,-1.67630060784527,1.95368043087971,0.00115989442070342
25773,-3.07981984032692,-1.57667514444841,1.94892086330935,0.00206315789473686
25779,-3.07575619868499,-1.57328318724152,1.84414414414415,0.00205882352941179
25785,-3.17052584928199,-1.5853601940133,1.83935018050541,0.00116610030498204
25792,-3.16651220222648,-1.58178085576485,1.83453887884268,0.00116471441331613
25798,-3.26133207563293,-1.59387149732733,1.82971014492755,-0
25804,-3.27491093258014,-1.47292852079695,1.82486388384756,-0
25810,-3.36996003302595,-1.48326716392303,1.82000000000001,0.00205882352941177
25816,-3.36588817431869,-1.47963574213371,1.71511839708563,0.00322547945912738
25822,-3.4608282616874,-1.48990837707619,1.7102189781022,0.00116957463253094
25828,-3.45664596353999,-1.48621191430956,1.70530164533822,-0
25834,-3.55147515249331,-1.49641922148229,1.70036630036632,-0
25840,-3.66260954058521,-1.38198867520723,1.69541284403672,-0
25846,-3.65829913589657,-1.37821404675372,1.69044117647061,0.00323285732155959
25852,-3.7532274701117,-1.38661244977349,1.58563535911605,0.00322222772717232
25858,-3.74880253971114,-1.3827739860341,1.58081180811811,-0
25864,-3.84361586613683,-1.3911082663811,1.57597042513866,-0
25870,-3.83907451948045,-1.38720671144109,1.57111111111114,0.0011808389069605
25876,-3.84913682539551,-1.25496816647086,1.5662337662338,0.00322962698707866
25882,-3.95647537933309,-1.13116172849636,1.46133828996285,0.00204592901878905
25888,-3.96206851016979,-0.99668856751306,1.45642458100562,-0
25894,-3.95728864922676,-0.992663148998566,1.45149253731346,-0
25900,-4.06034500683076,-0.863202396555994,1.4465420560748,0.00118583491779126
25906,-4.06122886432423,-0.726599156328463,1.4415730337079,0.00118440174947369
25912,-4.15976547410632,-0.591645030599524,1.43658536585369,0.00204592901878933
25918,-4.15473950757559,-0.587498984087129,1.33157894736845,0.00204166666666686
25924,-4.15086735814655,-0.448953792013255,1.32655367231641,-0
25930,-4.24452750891616,-0.308619928359645,1.32150943396229,0.00119087338354361
25936,-4.2392675846874,-0.30437269953156,1.31644612476374,0.0011894280180657
25942,-4.33018445362701,-0.160484221239905,1.31136363636367,0.00204166666666668
25948,-4.31860071887835,-0.018386957594867,1.20626185958257,0.00203742203742205
25954,-4.40416734883188,0.130615179372984,1.20095057034223,0.00119595484768427
25960,-4.3982813866304,0.135053322416516,1.19561904761907,0.00119449712867245
25966,-4.38123392361256,0.278731734225199,1.19026717557254,-0
25972,-4.4746448092925,0.291960912738664,1.18489483747613,-0
25978,-4.45467653220258,0.437230417439399,1.17950191570883,0.00203742203742203
25984,-4.53129727741487,0.594459503086099,1.07408829174665,0.00323427488374404
25990,-4.62380215685732,0.611249178201263,1.06865384615386,0.00119960963139336
25996,-4.49890323320276,0.745576820026756,1.06319845857421,-0
26002,-4.47066420821572,0.891760798801858,1.05772200772203,-0
26008,-4.4397418022946,1.03756539105024,1.05222437137332,-0
26014,-4.40623671345664,1.18294849486387,1.0467054263566,0.00324194660379819
26020,-4.37006183250793,1.32785657037465,0.941165048543716,0.00323125725331006
26026,-4.42875654098825,1.49474782234619,0.935603112840489,-0
26032,-4.38695408984335,1.64027087577317,0.930019493177404,-0
26038,-4.34257314781178,1.78518475737093,0.92441406250002,-0
26044,-4.39165677337174,1.95698978688295,0.918786692759319,0.00121146280606009
26050,-4.34156199831529,2.10220512588608,0.913137254901976,0.00323895256831561
26056,-4.28903127273082,2.24649919743447,0.807269155206299,0.00202479338842976
26063,-4.28064307385413,2.25101052610901,0.801377952755921,-0
26069,-4.225831797944,2.39439431113551,0.795463510848137,0.00121672188778572
26075,-4.16860613576131,2.53676827014547,0.789525691699616,0.00121521313633541
26081,-4.0157045373137,2.64226757748226,0.783564356435654,-0
26087,-4.04717967789336,2.81855315875485,0.777579365079376,-0
26093,-3.98300198735456,2.95787494786844,0.771570576540761,-0
26099,-3.91646453744482,3.09601514135102,0.765537848605582,0.00324934506631268
26105,-3.84763331421063,3.23313935864141,0.659481037924152,0.00323860695251383
26111,-3.86642757290617,3.41284399160728,0.653400000000005,-0
26117,-3.76863707948641,3.37237176398265,0.647294589178358,-0
26123,-3.67095465312575,3.33192282842114,0.641164658634537,-0
26129,-3.59856098625623,3.46476725042796,0.63501006036217,0.00122737823236606
26135,-3.50174217356301,3.42238507939326,0.628830645161287,0.00122584295383765
26141,-3.40501557723743,3.37981310833505,0.622828282828273,-0
26147,-3.33214145588942,3.50804667137153,0.61680161943319,0.00202061855670102
26153,-3.23632514754008,3.46373933150921,0.510750507099388,0.00201646090534979
26159,-3.07477980062186,3.5404013447622,0.504674796747956,0.00123277671077094
26166,-3.06736661621364,3.54263511388858,0.498574338085525,0.00123122790557946
26171,-2.9725597034151,3.49638143751325,0.492448979591828,-0
26177,-2.81179045709473,3.56704873610797,0.486298568507152,-0
26183,-2.80503903237767,3.5693188683169,0.480122950819663,-0
26189,-2.64472434989531,3.63593274485486,0.473921971252551,0.0012382228881863
26195,-2.55293349464551,3.58655298396139,0.467695473251013,0.00123666037677463
26201,-2.54733262031867,3.58854694007456,0.461443298969058,0.00201646090534968
26207,-2.38880496135905,3.64885504992759,0.355165289256185,0.00201232032854198
26213,-2.29907852870429,3.59732855364429,0.34886128364387,-0
26219,-2.22590505556501,3.70585754007972,0.342531120331934,0.00124371739959561
26225,-2.1376492792051,3.65218330571916,0.336382536382516,0.00124214099921452
26231,-2.06418978081638,3.75748870098329,0.330208333333317,-0
26237,-1.97724580386243,3.70173349445944,0.324008350730672,-0
26243,-1.80763721802237,3.58971602451757,0.317782426778223,-0
