    0    36.16942    -96.83197    227.033      0.00065 14:28:54
    1    36.16942    -96.83197    228.080      0.00119 14:28:55
    2    36.16942    -96.83197    227.400      0.00080 14:28:56
    3    36.16942    -96.83197    227.322      0.00043 14:28:57
    4    36.16942    -96.83197    226.363      0.00038 14:28:58
    5    36.16942    -96.83197    226.812      0.00068 14:28:59
    6    36.16942    -96.83197    226.855      0.00071 14:28:60
    7    36.16942    -96.83197    228.195      0.00078 14:29:01
    8    36.16942    -96.83197    227.699      0.00050 14:29:02
    9    36.16942    -96.83197    226.306      0.00034 14:29:03
   10    36.16942    -96.83197    226.852      0.00031 14:29:04
   11    36.16942    -96.83197    226.838      0.00050 14:29:05
   14    36.16942    -96.83197    227.665      0.00101 14:29:08
   15    36.16942    -96.83197    227.695      0.00083 14:29:09
   16    36.16942    -96.83197    227.010      0.00126 14:29:10
   17    36.16949    -96.83197    228.035      0.00108 14:29:11
   18    36.16949    -96.83197    227.525      0.00141 14:29:13
   19    36.16936    -96.83197    227.841      0.00163 14:29:14
   20    36.16936    -96.83197    226.466      0.00133 14:29:15
   21    36.16949    -96.83197    227.187      0.00149 14:29:16
   22    36.16942    -96.83189    226.759      0.00138 14:29:17
   23    36.16942    -96.83189    226.041      0.00123 14:29:18
   24    36.16942    -96.83189    227.459      0.00130 14:29:19
   25    36.16942    -96.83189    227.673      0.00141 14:29:20
   26    36.16949    -96.83197    227.663      0.00146 14:29:21
   27    36.16942    -96.83189    227.988      0.00161 14:29:22
   28    36.16942    -96.83197    227.573      0.00160 14:29:23
   29    36.16942    -96.83189    228.276      0.00153 14:29:24
   30    36.16942    -96.83189    225.856      0.00149 14:29:25
   31    36.16942    -96.83189    227.622      0.00140 14:29:26
   32    36.16942    -96.83189    229.445      0.00111 14:29:27
   33    36.16942    -96.83189    226.808      0.00133 14:29:28
   34    36.16949    -96.83189    228.664      0.00112 14:29:29
   35    36.16942    -96.83189    228.024      0.00120 14:29:30
   36    36.16955    -96.83189    227.396      0.00116 14:29:31
   37    36.16949    -96.83189    228.866      0.00077 14:29:32
   38    36.16949    -96.83189    227.148      0.00062 14:29:33
   39    36.16955    -96.83189    228.192      0.00118 14:29:34
   40    36.16949    -96.83189    228.754      0.00095 14:29:35
   41    36.16961    -96.83189    227.981      0.00119 14:29:36
   42    36.16961    -96.83189    227.697      0.00128 14:29:37
   43    36.16961    -96.83189    227.883      0.00126 14:29:38
   44    36.16961    -96.83189    227.056      0.00146 14:29:39
   45    36.16961    -96.83189    228.245      0.00147 14:29:40
   46    36.16949    -96.83189    227.596      0.00033 14:29:41
   47    36.16949    -96.83189    227.286      0.00039 14:29:42
   48    36.16949    -96.83189    227.686      0.00137 14:29:43
   49    36.16942    -96.83189    227.295      0.00112 14:29:44
   50    36.16955    -96.83197    228.137      0.00163 14:29:45
   51    36.16942    -96.83197    228.522      0.00138 14:29:46
   53    36.16955    -96.83189    227.978      0.00109 14:29:48
   54    36.16973    -96.83189    227.244      0.00142 14:29:49
   55    36.16955    -96.83189    227.205      0.00031 14:29:50
   91    36.16979    -96.83189    227.887      0.00143 14:30:26
   92    36.16967    -96.83189    228.153      0.00073 14:30:27
   93    36.16967    -96.83189    227.533      0.00130 14:30:28
   94    36.16967    -96.83189    228.184      0.00130 14:30:29
   95    36.16967    -96.83189    227.442      0.00124 14:30:30
   96    36.16967    -96.83189    227.985      0.00115 14:30:31
   97    36.16967    -96.83189    228.125      0.00071 14:30:32
   98    36.16967    -96.83189    228.379      0.00080 14:30:33
   99    36.16973    -96.83189    228.419      0.00050 14:30:34
  100    36.16973    -96.83189    227.244      0.00085 14:30:35
  101    36.16973    -96.83189    226.708      0.00059 14:30:36
  102    36.16955    -96.83189    228.214      0.00111 14:30:37
  103    36.16955    -96.83189    227.167      0.00108 14:30:38
  104    36.16961    -96.83189    227.506      0.00079 14:30:39
  105    36.16949    -96.83189    227.959      0.00127 14:30:40
  106    36.16955    -96.83189    227.598      0.00094 14:30:41
  107    36.16967    -96.83189    226.775      0.00129 14:30:42
  108    36.16961    -96.83189    228.257      0.00106 14:30:43
  109    36.16967    -96.83189    228.134      0.00083 14:30:44
  110    36.16979    -96.83189    228.294      0.00066 14:30:45
  111    36.16979    -96.83189    228.092      0.00064 14:30:46
  112    36.16979    -96.83189    227.384      0.00052 14:30:47
  113    36.16985    -96.83189    228.809      0.00083 14:30:48
  114    36.16979    -96.83189    228.310      0.00103 14:30:49
  115    36.16985    -96.83189    228.765      0.00090 14:30:50
  116    36.16985    -96.83189    227.471      0.00083 14:30:51
  117    36.16997    -96.83189    227.785      0.00098 14:30:52
  118    36.16985    -96.83189    226.569      0.00111 14:30:53
  119    36.16967    -96.83189    226.348      0.00090 14:30:54
  120    36.16967    -96.83189    226.855      0.00149 14:30:55
  121    36.16967    -96.83189    226.707      0.00156 14:30:56
  122    36.16961    -96.83182    227.016      0.00126 14:30:57
  123    36.16961    -96.83189    227.702      0.00142 14:30:58
  124    36.16955    -96.83182    227.742      0.00126 14:30:59
  125    36.16955    -96.83182    227.391      0.00094 14:30:60
  126    36.16942    -96.83182    227.582      0.00085 14:31:01
  127    36.16961    -96.83182    226.827      0.00037 14:31:02
  243    36.19176    -96.83680    228.170      0.01890 14:32:58
  244    36.19176    -96.83680    227.895      0.01896 14:32:59
  245    36.19176    -96.83680    228.349      0.01895 14:32:60
  246    36.19176    -96.83673    228.116      0.01875 14:33:01
  247    36.19176    -96.83673    227.845      0.01916 14:33:02
  248    36.19176    -96.83673    228.283      0.01972 14:33:03
  249    36.19176    -96.83673    227.878      0.01903 14:33:04
  250    36.19176    -96.83680    227.899      0.01860 14:33:05
  251    36.19176    -96.83673    226.868      0.01905 14:33:06
  252    36.19176    -96.83673    227.647      0.01961 14:33:07
  253    36.19176    -96.83673    228.776      0.01976 14:33:08
  254    36.19176    -96.83673    227.883      0.01999 14:33:09
  255    36.19176    -96.83673    227.616      0.02085 14:33:10
  256    36.19176    -96.83673    227.322      0.02047 14:33:11
  257    36.19176    -96.83673    228.040      0.02067 14:33:12
  258    36.19176    -96.83665    227.869      0.02079 14:33:13
  260    36.19176    -96.83665    227.243      0.02035 14:33:15
  261    36.19176    -96.83665    228.173      0.02261 14:33:16
  262    36.19323    -96.83688    227.243      0.01591 14:33:17
  263    36.19323    -96.83688    227.144      0.01703 14:33:18
  264    36.19323    -96.83688    227.511      0.01755 14:33:19
  265    36.19323    -96.83688    228.393      0.01745 14:33:20
  266    36.19323    -96.83688    228.251      0.01721 14:33:21
  267    36.19176    -96.83665    227.916      0.02286 14:33:22
  268    36.19176    -96.83673    226.990      0.02270 14:33:23
  269    36.19176    -96.83665    227.752      0.02245 14:33:24
  270    36.19176    -96.83665    226.764      0.02317 14:33:25
  273    36.19842    -96.83764    227.073      0.00245 14:33:28
  274    36.19835    -96.83756    227.867      0.00233 14:33:29
  275    36.19835    -96.83756    227.434      0.00170 14:33:30
  276    36.19835    -96.83756    228.361      0.00125 14:33:31
  277    36.19872    -96.83764    228.647      0.00193 14:33:32
  278    36.19848    -96.83756    227.826      0.00155 14:33:33
  279    36.19829    -96.83756    227.969      0.00063 14:33:34
  280    36.19829    -96.83756    227.198      0.00059 14:33:35
  281    36.19848    -96.83756    227.989      0.00126 14:33:36
  282    36.19860    -96.83764    227.778      0.00112 14:33:37
  283    36.19884    -96.83764    227.500      0.00160 14:33:38
  284    36.19866    -96.83764    227.626      0.00109 14:33:39
  301    36.19933    -96.83764    227.761      0.00193 14:33:56
  302    36.19927    -96.83764    227.353      0.00248 14:33:57
  303    36.19921    -96.83756    227.806      0.00265 14:33:58
  304    36.20006    -96.83771    228.741      0.00064 14:33:59
  305    36.19927    -96.83764    228.321      0.00343 14:33:60
  306    36.20006    -96.83771    228.354      0.00118 14:34:01
  307    36.20006    -96.83771    227.909      0.00167 14:34:02
  308    36.20006    -96.83771    227.571      0.00139 14:34:03
  309    36.20006    -96.83771    228.214      0.00185 14:34:04
  310    36.20006    -96.83771    227.033      0.00236 14:34:05
  311    36.20006    -96.83771    228.526      0.00249 14:34:06
  312    36.20006    -96.83771    228.194      0.00264 14:34:07
  313    36.20006    -96.83771    229.699      0.00324 14:34:08
  314    36.20006    -96.83771    228.934      0.00285 14:34:09
  315    36.20006    -96.83771    227.442      0.00374 14:34:10
  316    36.20006    -96.83771    230.368      0.00409 14:34:11
  317    36.20006    -96.83764    229.269      0.00431 14:34:12
  318    36.20006    -96.83764    227.842      0.00452 14:34:13
  319    36.20006    -96.83764    229.548      0.00470 14:34:14
  320    36.19988    -96.83764     -0.416      0.00585 14:34:15
  321    36.19994    -96.83764    228.903      0.00702 14:34:16
  322    36.19994    -96.83764    228.928      0.00714 14:34:17
  323    36.19994    -96.83764    229.364      0.00713 14:34:18
  324    36.19994    -96.83764    228.683      0.00735 14:34:19
  325    36.19994    -96.83764    227.496      0.00750 14:34:20
  326    36.16472    -96.83408    228.153      0.08532 14:34:21
  327    36.16472    -96.83408    229.670      0.08463 14:34:22
  328    36.16472    -96.83408    228.279      0.08479 14:34:23
  329    36.16472    -96.83408    228.702      0.08503 14:34:24
  330    36.16472    -96.83408    228.568      0.08490 14:34:25
  331    36.16472    -96.83408    228.215      0.08489 14:34:26
  332    36.16613    -96.83567    229.264      0.09811 14:34:27
  333    36.16613    -96.83575    227.380      0.09800 14:34:28
  334    36.16613    -96.83575    228.901      0.09801 14:34:29
  335    36.16613    -96.83575    229.333      0.09817 14:34:30
  336    36.16613    -96.83575    229.779      0.09828 14:34:31
  337    36.16613    -96.83575    229.512      0.09827 14:34:32
  338    36.16613    -96.83575    228.572      0.09796 14:34:33
  339    36.16613    -96.83575    228.242      0.09798 14:34:34
  340    36.16613    -96.83575    228.368      0.09808 14:34:35
  341    36.16613    -96.83575    229.214      0.09800 14:34:36
  342    36.16613    -96.83575    229.886      0.09806 14:34:37
  343    36.16521    -96.83605    229.260      0.10947 14:34:38
  344    36.16521    -96.83605    229.278      0.10940 14:34:39
  345    36.16521    -96.83605    228.186      0.10955 14:34:40
  346    36.16521    -96.83605    227.354      0.10971 14:34:41
  347    36.16521    -96.83605    229.351      0.10984 14:34:42
  348    36.16521    -96.83605    229.406      0.10977 14:34:43
  349    36.16521    -96.83605    228.350      0.10962 14:34:44
  350    36.16521    -96.83605    228.651      0.10962 14:34:45
  351    36.16521    -96.83605    228.960      0.10963 14:34:46
  352    36.16521    -96.83605    229.620      0.10984 14:34:47
  353    36.16521    -96.83605    227.917      0.11002 14:34:48
  354    36.16521    -96.83605    228.498      0.11015 14:34:49
  355    36.16521    -96.83605    228.898      0.10980 14:34:50
  356    36.16521    -96.83605    228.345      0.11008 14:34:51
  357    36.16521    -96.83605    227.060      0.11010 14:34:52
  358    36.16527    -96.83605    229.543      0.11037 14:34:53
  359    36.16527    -96.83605    227.785      0.11022 14:34:54
  360    36.16527    -96.83605    228.186      0.11005 14:34:55
  361    36.16527    -96.83605    228.460      0.11040 14:34:56
  362    36.16521    -96.83605    228.677      0.11005 14:34:57
  363    36.16521    -96.83612    228.826      0.11001 14:34:58
  364    36.16521    -96.83612    228.935      0.10955 14:34:59
  365    36.16521    -96.83612    229.433      0.10958 14:34:60
  366    36.16521    -96.83605    229.000      0.10955 14:35:01
  367    36.16527    -96.83605    228.711      0.11004 14:35:02
  368    36.16527    -96.83597    228.524      0.10989 14:35:03
  369    36.16527    -96.83597    228.928      0.11031 14:35:04
  370    36.16430    -96.83658    229.274      0.11624 14:35:05
  371    36.16527    -96.83605    227.804      0.11012 14:35:06
  372    36.16527    -96.83605    229.747      0.11013 14:35:07
  373    36.16527    -96.83605    228.710      0.10998 14:35:08
  374    36.16527    -96.83605    228.644      0.10975 14:35:09
  375    36.16430    -96.83658    228.288      0.11576 14:35:10
  376    36.16436    -96.83658    228.686      0.11590 14:35:11
  377    36.16430    -96.83658    228.215      0.11598 14:35:12
  378    36.16430    -96.83658    228.599      0.11602 14:35:13
  379    36.16430    -96.83658    228.583      0.11592 14:35:14
  380    36.16430    -96.83658    229.289      0.11588 14:35:15
  381    36.16430    -96.83658    229.243      0.11612 14:35:16
  382    36.16430    -96.83658    228.865      0.11594 14:35:17
  383    36.16430    -96.83658    228.777      0.11612 14:35:18
  384    36.16436    -96.83658    229.652      0.11631 14:35:19
  385    36.16436    -96.83658    229.274      0.11641 14:35:20
  386    36.16436    -96.83658    228.614      0.11645 14:35:21
  387    36.16430    -96.83658    228.025      0.11633 14:35:22
  388    36.16436    -96.83658    228.292      0.11608 14:35:23
  389    36.16436    -96.83658    228.591      0.11657 14:35:24
  390    36.20849    -96.77753    227.795      1.65123 14:35:25
  391    36.16436    -96.83658    227.725      0.11657 14:35:26
  392    36.16436    -96.83658    229.276      0.11632 14:35:27
  393    36.16430    -96.83658    228.228      0.11641 14:35:28
  394    36.16533    -96.83620    228.341      0.10515 14:35:29
  395    36.16332    -96.83628    227.999      0.12626 14:35:30
  396    36.16326    -96.83628    228.219      0.12597 14:35:31
  397    36.16332    -96.83628    229.346      0.12580 14:35:32
  398    36.16326    -96.83628    229.053      0.12542 14:35:33
  399    36.16332    -96.83628    228.312      0.12565 14:35:34
  400    36.16332    -96.83628    228.438      0.12566 14:35:35
  401    36.16332    -96.83628    229.807      0.12594 14:35:36
  402    36.16332    -96.83628    228.339      0.12619 14:35:37
  403    36.16326    -96.83628    228.362      0.12623 14:35:38
  404    36.16332    -96.83628    229.383      0.12634 14:35:39
  405    36.16332    -96.83628    229.000      0.12577 14:35:40
  406    36.16332    -96.83628    229.404      0.12594 14:35:41
  408    36.16332    -96.83628    229.027      0.12615 14:35:43
  409    36.16332    -96.83628    229.301      0.12625 14:35:44
  410    36.16338    -96.83628    227.665      0.12611 14:35:45
  411    36.16338    -96.83628    228.314      0.12592 14:35:46
  412    36.16338    -96.83628    228.792      0.12606 14:35:47
  413    36.16332    -96.83628    228.668      0.12645 14:35:48
  414    36.16332    -96.83628    228.836      0.12646 14:35:49
  415    36.16338    -96.83635    227.379      0.12612 14:35:50
  416    36.16332    -96.83635    227.340      0.12579 14:35:51
  417    36.16332    -96.83635    228.212      0.12617 14:35:52
  418    36.16332    -96.83628    227.708      0.12701 14:35:53
  419    36.16338    -96.83628    228.825      0.12733 14:35:54
  420    36.16338    -96.83628    228.414      0.12716 14:35:55
  421    36.16338    -96.83628    229.131      0.12714 14:35:56
  422    36.16436    -96.83658    226.531      0.11763 14:35:57
  423    36.16436    -96.83658    228.662      0.11726 14:35:58
  424    36.16436    -96.83658    228.409      0.11691 14:35:59
  425    36.16430    -96.83658    228.631      0.11716 14:35:60
  426    36.16491    -96.83749    229.000      0.11302 14:36:01
  427    36.16436    -96.83658    228.056      0.11699 14:36:02
  428    36.16430    -96.83665    229.223      0.11693 14:36:03
  429    36.16234    -96.83922    227.746      0.11533 14:36:04
  430    36.16234    -96.83922    228.246      0.11434 14:36:05
  431    36.16234    -96.83922    228.439      0.11448 14:36:06
  432    36.16234    -96.83922    229.919      0.11401 14:36:07
  433    36.16228    -96.83930    227.450      0.11425 14:36:08
  434    36.16234    -96.83922    227.685      0.11374 14:36:09
  435    36.16234    -96.83922    228.194      0.11349 14:36:10
  436    36.16234    -96.83922    228.632      0.11366 14:36:11
  437    36.15887    -96.83938    229.077      0.09854 14:36:12
  438    36.15893    -96.83938    229.069      0.09942 14:36:13
  439    36.15893    -96.83938    228.405      0.10047 14:36:14
  440    36.15893    -96.83945    228.508      0.10003 14:36:15
  441    36.15893    -96.83938    230.487      0.09966 14:36:16
  442    36.15899    -96.83938    228.414      0.09956 14:36:17
  443    36.15899    -96.83938    228.006      0.10043 14:36:18
  444    36.15899    -96.83938    228.340      0.10004 14:36:19
  445    36.15893    -96.83945    228.707      0.09985 14:36:20
  446    36.15893    -96.83938    228.913      0.09955 14:36:21
  447    36.15899    -96.83938    228.981      0.09883 14:36:22
  448    36.15899    -96.83938    229.134      0.09868 14:36:23
  449    36.15899    -96.83945    229.324      0.09872 14:36:24
  450    36.15899    -96.83938    229.592      0.09833 14:36:25
  451    36.16344    -96.83628    229.564      0.12696 14:36:26
  452    36.16344    -96.83628    229.471      0.12667 14:36:27
  453    36.16344    -96.83628    228.149      0.12718 14:36:28
  454    36.16344    -96.83628    228.887      0.12793 14:36:29
  455    36.16344    -96.83628    229.124      0.12793 14:36:30
  456    36.16326    -96.83393    229.187      0.08951 14:36:31
  457    36.16320    -96.83393    229.577      0.08838 14:36:32
  458    36.16320    -96.83393    229.146      0.08844 14:36:33
  459    36.16320    -96.83386    229.386      0.08777 14:36:34
  460    36.16320    -96.83386    229.017      0.08732 14:36:35
  461    36.16326    -96.83386    229.142      0.08708 14:36:36
  462    36.16320    -96.83378    230.151      0.08673 14:36:37
  463    36.16326    -96.83378    229.440      0.08699 14:36:38
  464    36.16344    -96.83620    229.001      0.12692 14:36:39
  465    36.16344    -96.83628    228.194      0.12720 14:36:40
  466    36.16344    -96.83620    229.338      0.12896 14:36:41
  467    36.16442    -96.83552    228.704      0.14715 14:36:42
  468    36.16442    -96.83552    228.608      0.14675 14:36:43
  469    36.16326    -96.83378    228.736      0.10499 14:36:44
  470    36.16326    -96.83378    228.430      0.10510 14:36:45
  471    36.16326    -96.83378    229.125      0.10522 14:36:46
  472    36.16326    -96.83378    228.983      0.10451 14:36:47
  473    36.16320    -96.83378    226.903      0.10378 14:36:48
  474    36.16894    -96.83129    229.046      0.00090 14:36:49
  475    36.16906    -96.83257    229.320      0.06235 14:36:50
  476    36.16466    -96.83416    227.926      0.07376 14:36:51
  477    36.16460    -96.83416    228.993      0.07392 14:36:52
  478    36.16460    -96.83416    229.535      0.07417 14:36:53
  479    36.16466    -96.83408    228.366      0.07433 14:36:54
  480    36.16466    -96.83416    228.964      0.07409 14:36:55
  481    36.16466    -96.83416    228.077      0.07425 14:36:56
  482    36.16405    -96.83416    228.731      0.08076 14:36:57
  483    36.16405    -96.83416    228.548      0.08129 14:36:58
  484    36.16411    -96.83408    229.736      0.08095 14:36:59
  485    36.16405    -96.83408    229.321      0.08058 14:36:60
  486    36.16405    -96.83408    228.996      0.08062 14:37:01
  487    36.16405    -96.83408    229.496      0.08082 14:37:02
  488    36.16405    -96.83408    230.076      0.08049 14:37:03
  489    36.16405    -96.83408    228.476      0.08053 14:37:04
  490    36.16405    -96.83408    228.320      0.08063 14:37:05
  491    36.16405    -96.83408    229.847      0.08079 14:37:06
  492    36.16405    -96.83408    229.609      0.08106 14:37:07
  493    36.16405    -96.83408    229.446      0.08158 14:37:08
  494    36.16405    -96.83408    229.848      0.08130 14:37:09
  495    36.16405    -96.83401    230.335      0.08115 14:37:10
  496    36.16405    -96.83401    230.511      0.08113 14:37:11
  497    36.16405    -96.83401    228.273      0.08126 14:37:12
  498    36.16405    -96.83401    229.684      0.08165 14:37:13
  499    36.16405    -96.83393    229.683      0.08140 14:37:14
  500    36.16460    -96.83401    228.889      0.07484 14:37:15
  501    36.16454    -96.83401    230.355      0.07442 14:37:16
  502    36.16454    -96.83401    228.974      0.07437 14:37:17
  503    36.16454    -96.83393    228.648      0.07436 14:37:18
  504    36.16448    -96.83401    228.859      0.07449 14:37:19
  505    36.16448    -96.83401    230.135      0.07444 14:37:20
  506    36.16448    -96.83401    229.479      0.07441 14:37:21
  507    36.16448    -96.83393    229.579      0.07473 14:37:22
  508    36.16454    -96.83393    229.727      0.07479 14:37:24
  509    36.16454    -96.83386    230.647      0.07477 14:37:25
  510    36.16454    -96.83386    229.499      0.07478 14:37:26
  511    36.16521    -96.83597    229.420      0.10683 14:37:27
  512    36.16515    -96.83597    230.351      0.10675 14:37:28
  513    36.16515    -96.83597    230.060      0.10686 14:37:29
  514    36.16515    -96.83597    229.750      0.10673 14:37:30
  515    36.17168    -96.83227    228.498      0.07352 14:37:31
  517    36.17022    -96.83340    228.724      0.09365 14:37:33
  518    36.16509    -96.83597    230.335      0.10667 14:37:34
  519    36.16509    -96.83597    229.557      0.10636 14:37:35
  520    36.16509    -96.83597    228.851      0.10658 14:37:36
  521    36.16509    -96.83597    228.726      0.10698 14:37:37
  522    36.16442    -96.83386    229.436      0.07446 14:37:38
  523    36.16436    -96.83386    230.037      0.07425 14:37:39
  524    36.16436    -96.83386    228.854      0.07455 14:37:40
  525    36.16442    -96.83386    230.175      0.07479 14:37:41
  526    36.16442    -96.83386    229.568      0.07499 14:37:42
  527    36.16350    -96.83318    227.972      0.08618 14:37:43
  528    36.16350    -96.83318    229.403      0.08609 14:37:44
  529    36.16350    -96.83318    227.961      0.08648 14:37:45
  530    36.16356    -96.83318    228.755      0.08653 14:37:46
  531    36.16356    -96.83318    228.655      0.08645 14:37:47
  532    36.15417    -96.83423    228.169      0.13925 14:37:48
  533    36.15417    -96.83423    229.167      0.13867 14:37:49
  534    36.15417    -96.83423    228.649      0.13790 14:37:50
  535    36.15417    -96.83416    227.642      0.13782 14:37:51
  536    36.15417    -96.83423    228.808      0.13717 14:37:52
  537    36.15417    -96.83416    227.284      0.13669 14:37:53
  538    36.15417    -96.83416    229.300      0.13664 14:37:54
  539    36.15417    -96.83416    227.917      0.13638 14:37:55
  540    36.15417    -96.83416    228.554      0.13644 14:37:56
  541    36.16784    -96.83280    229.926      0.08105 14:37:57
  543    36.16784    -96.83280    227.828      0.08141 14:37:59
  544    36.16784    -96.83280    229.350      0.08277 14:37:60
  648    36.16601    -96.83567    228.247      0.11346 14:39:45
  649    36.16601    -96.83567    229.810      0.11308 14:39:46
  650    36.16601    -96.83567    229.497      0.11302 14:39:47
  651    36.16601    -96.83575    230.283      0.11292 14:39:48
  652    36.16601    -96.83575    230.054      0.11292 14:39:49
  653    36.16601    -96.83575    228.822      0.11305 14:39:50
  654    36.16601    -96.83575    230.277      0.11300 14:39:51
  655    36.16601    -96.83575    230.116      0.11339 14:39:52
  656    36.16601    -96.83575    230.155      0.11343 14:39:53
  657    36.16601    -96.83575    229.282      0.11313 14:39:54
  658    36.16601    -96.83575    229.784      0.11324 14:39:55
  659    36.16601    -96.83575    230.210      0.11322 14:39:56
  671    36.16595    -96.83567    230.887      0.11367 14:40:08
  672    36.16595    -96.83567    230.906      0.11365 14:40:09
  673    36.16595    -96.83567    230.312      0.11355 14:40:10
  674    36.16601    -96.83567    229.984      0.11360 14:40:11
  675    36.16601    -96.83567    229.637      0.11379 14:40:12
  676    36.16601    -96.83575    230.909      0.11394 14:40:13
  677    36.16601    -96.83575    229.505      0.11381 14:40:14
  678    36.16601    -96.83575    230.395      0.11373 14:40:15
  679    36.16601    -96.83575    229.139      0.11365 14:40:16
  680    36.16601    -96.83567    230.592      0.11371 14:40:17
  681    36.16601    -96.83575    230.224      0.11375 14:40:18
  682    36.16601    -96.83575    229.734      0.11424 14:40:19
  683    36.16607    -96.83575    229.966      0.11427 14:40:20
  684    36.16601    -96.83575    229.684      0.11409 14:40:21
  685    36.16601    -96.83575    229.616      0.11409 14:40:22
  686    36.16601    -96.83575    231.288      0.11410 14:40:23
  687    36.16601    -96.83575    229.071      0.11437 14:40:24
  688    36.16601    -96.83575    228.620      0.11475 14:40:25
  691    36.16601    -96.83575    230.703      0.11398 14:40:28
  692    36.16601    -96.83575    229.830      0.11401 14:40:29
  693    36.16601    -96.83575    229.282      0.11434 14:40:30
  694    36.16601    -96.83575    230.532      0.11445 14:40:31
  695    36.16601    -96.83575    229.479      0.11432 14:40:32
  696    36.16601    -96.83575    229.341      0.11447 14:40:33
  697    36.16601    -96.83575    229.479      0.11430 14:40:34
  698    36.16601    -96.83575    228.490      0.11425 14:40:35
  699    36.16601    -96.83575    229.731      0.11408 14:40:36
  700    36.16601    -96.83575    229.194      0.11417 14:40:37
  701    36.16601    -96.83575    229.901      0.11405 14:40:38
  702    36.16601    -96.83575    230.493      0.11407 14:40:39
  703    36.16601    -96.83575    230.361      0.11402 14:40:40
  704    36.16601    -96.83575    231.059      0.11388 14:40:41
  705    36.16601    -96.83575    230.150      0.11379 14:40:42
  706    36.16601    -96.83575    230.871      0.11388 14:40:43
  707    36.16601    -96.83575    230.235      0.11413 14:40:44
  708    36.16601    -96.83575    230.736      0.11426 14:40:45
  709    36.16601    -96.83575    230.289      0.11395 14:40:46
  710    36.16601    -96.83575    229.727      0.11409 14:40:47
  711    36.16601    -96.83575    229.968      0.11413 14:40:48
  712    36.16601    -96.83575    230.142      0.11432 14:40:49
  713    36.16601    -96.83575    230.040      0.11444 14:40:50
  755    36.17376    -96.83076    231.737      0.01097 14:41:32
  756    36.17382    -96.83068    230.810      0.01047 14:41:33
  757    36.17388    -96.83068    232.382      0.01027 14:41:34
  758    36.17388    -96.83068    230.311      0.01055 14:41:35
  759    36.17388    -96.83068    231.582      0.01074 14:41:36
  760    36.17388    -96.83068    231.809      0.01091 14:41:37
  761    36.17388    -96.83068    231.401      0.01034 14:41:38
  762    36.17388    -96.83068    231.264      0.01040 14:41:39
  763    36.17394    -96.83068    230.345      0.01046 14:41:40
  764    36.17394    -96.83068    232.414      0.01098 14:41:41
  765    36.17394    -96.83068    231.883      0.01103 14:41:42
  766    36.17394    -96.83068    230.872      0.01119 14:41:43
  767    36.17394    -96.83068    233.161      0.01096 14:41:44
  768    36.16619    -96.83597    231.866      0.14903 14:41:45
  769    36.16601    -96.83582    231.788      0.11558 14:41:46
  770    36.16601    -96.83582    230.533      0.11552 14:41:47
  771    36.16601    -96.83582    233.075      0.11506 14:41:48
  772    36.16601    -96.83582    231.422      0.11512 14:41:49
  773    36.16601    -96.83582    232.371      0.11522 14:41:50
  774    36.16601    -96.83582    231.492      0.11532 14:41:51
  775    36.16607    -96.83575    230.453      0.11572 14:41:52
  776    36.16601    -96.83582    231.933      0.11573 14:41:53
  777    36.16454    -96.83582    230.981      0.11914 14:41:54
  778    36.16454    -96.83590    230.719      0.11904 14:41:55
  779    36.16454    -96.83590    231.000      0.11953 14:41:56
  780    36.16454    -96.83590    231.839      0.11989 14:41:57
  781    36.16454    -96.83590    230.971      0.11954 14:41:58
  782    36.16454    -96.83590    232.005      0.11922 14:41:59
  783    36.16454    -96.83590    231.796      0.11924 14:41:60
  784    36.16454    -96.83590    231.307      0.11896 14:42:01
  785    36.16454    -96.83582    232.527      0.11905 14:42:02
  786    36.16454    -96.83582    231.593      0.11933 14:42:03
  787    36.16454    -96.83582    232.107      0.11982 14:42:04
  788    36.16460    -96.83582    231.235      0.11976 14:42:05
  789    36.16460    -96.83582    232.080      0.11992 14:42:06
  790    36.16460    -96.83582    231.289      0.11998 14:42:07
  791    36.16460    -96.83582    231.574      0.12014 14:42:08
  792    36.16460    -96.83582    231.622      0.12021 14:42:09
  793    36.16454    -96.83582    231.696      0.12022 14:42:10
  794    36.16454    -96.83582    230.650      0.12033 14:42:11
  795    36.16454    -96.83582    230.987      0.12029 14:42:12
  796    36.16460    -96.83582    231.285      0.12025 14:42:13
  797    36.16607    -96.83582    231.927      0.11616 14:42:14
  798    36.16607    -96.83582    231.794      0.11616 14:42:15
  799    36.16607    -96.83582    230.539      0.11627 14:42:16
  800    36.16607    -96.83582    230.165      0.11633 14:42:17
  801    36.16607    -96.83582    231.662      0.11640 14:42:18
  802    36.16607    -96.83582    231.606      0.11628 14:42:19
  803    36.16607    -96.83582    230.640      0.11612 14:42:20
  804    36.16607    -96.83582    232.314      0.11607 14:42:21
  805    36.16607    -96.83582    231.145      0.11583 14:42:22
  806    36.16607    -96.83582    231.347      0.11598 14:42:23
  807    36.16607    -96.83582    230.762      0.11608 14:42:24
  808    36.16607    -96.83582    231.036      0.11610 14:42:25
  809    36.16607    -96.83582    231.083      0.11613 14:42:26
  810    36.16601    -96.83582    232.355      0.11624 14:42:27
  811    36.16607    -96.83582    230.695      0.11630 14:42:28
  812    36.16607    -96.83582    232.721      0.11629 14:42:29
  813    36.16607    -96.83582    230.612      0.11629 14:42:30
  814    36.16607    -96.83582    231.572      0.11635 14:42:31
  815    36.16607    -96.83582    230.685      0.11638 14:42:32
  816    36.16607    -96.83582    230.430      0.11629 14:42:33
  817    36.16607    -96.83582    230.914      0.11649 14:42:34
  819    36.16601    -96.83582    232.505      0.11616 14:42:36
  820    36.16601    -96.83582    232.288      0.11496 14:42:37
  821    36.16601    -96.83582    231.101      0.11563 14:42:38
  822    36.16601    -96.83582    231.025      0.11582 14:42:39
  823    36.16601    -96.83582    233.059      0.11613 14:42:40
  824    36.16601    -96.83582    232.604      0.11600 14:42:41
  825    36.16601    -96.83582    231.074      0.11624 14:42:42
  826    36.16601    -96.83582    231.639      0.11644 14:42:43
  827    36.16607    -96.83582    234.448      0.11663 14:42:44
  828    36.16607    -96.83590    232.500      0.11685 14:42:45
  829    36.16466    -96.83590    232.154      0.12129 14:42:46
  830    36.16466    -96.83590    231.337      0.12132 14:42:47
  831    36.16466    -96.83590    232.853      0.12146 14:42:48
  832    36.16466    -96.83590    232.409      0.12095 14:42:49
  833    36.16460    -96.83590    232.282      0.12127 14:42:50
  834    36.16460    -96.83590    232.809      0.12118 14:42:51
  835    36.16460    -96.83590    232.703      0.12087 14:42:52
  836    36.16460    -96.83590    231.583      0.12133 14:42:53
  837    36.16460    -96.83590    232.472      0.12108 14:42:54
  838    36.16460    -96.83590    232.703      0.12110 14:42:55
  839    36.16460    -96.83590    232.477      0.12143 14:42:56
  840    36.16460    -96.83590    231.367      0.12089 14:42:57
  841    36.16460    -96.83590    232.575      0.12097 14:42:58
  842    36.16460    -96.83590    232.068      0.12098 14:42:59
  843    36.16387    -96.83355    230.866      0.07390 14:42:60
  844    36.16381    -96.83355    232.162      0.07396 14:43:01
  845    36.16387    -96.83355    232.281      0.07372 14:43:02
  846    36.16387    -96.83355    232.289      0.07363 14:43:03
  847    36.16387    -96.83355    232.395      0.07372 14:43:04
  848    36.16381    -96.83355    232.328      0.07348 14:43:05
  849    36.16381    -96.83355    230.825      0.07310 14:43:06
  850    36.15746    -96.84225    232.323      0.00068 14:43:07
  851    36.16387    -96.83355    232.752      0.07416 14:43:08
  852    36.16387    -96.83348    232.648      0.07371 14:43:09
  853    36.16387    -96.83348    232.716      0.07333 14:43:10
  854    36.16387    -96.83348    231.590      0.07361 14:43:11
  855    36.16387    -96.83348    231.581      0.07342 14:43:12
  856    36.16387    -96.83348    232.672      0.07344 14:43:13
  857    36.16387    -96.83348    231.963      0.07342 14:43:14
  858    36.16387    -96.83348    232.327      0.07313 14:43:15
  859    36.16387    -96.83348    232.417      0.07325 14:43:16
  860    36.16387    -96.83348    232.115      0.07373 14:43:17
  861    36.16387    -96.83348    231.778      0.07417 14:43:18
  862    36.16387    -96.83348    233.122      0.07389 14:43:19
  863    36.16387    -96.83348    233.098      0.07339 14:43:20
  864    36.16418    -96.83348    232.606      0.06816 14:43:21
  865    36.16418    -96.83348    233.324      0.06802 14:43:22
  866    36.16418    -96.83348    232.478      0.06802 14:43:23
  867    36.16418    -96.83348    233.443      0.06814 14:43:24
  868    36.16418    -96.83348    231.811      0.06834 14:43:25
  869    36.16418    -96.83348    232.034      0.06836 14:43:26
  870    36.16418    -96.83348    232.439      0.06844 14:43:27
  871    36.16418    -96.83348    232.490      0.06873 14:43:28
  872    36.16418    -96.83348    232.912      0.06914 14:43:29
  873    36.16418    -96.83348    232.915      0.06879 14:43:30
  874    36.16418    -96.83348    233.713      0.06873 14:43:31
  875    36.16418    -96.83348    231.928      0.06857 14:43:32
  876    36.16601    -96.83590    232.523      0.11752 14:43:33
  877    36.16607    -96.83590    230.807      0.11741 14:43:34
  878    36.16607    -96.83590    233.078      0.11737 14:43:35
  879    36.16607    -96.83590    232.549      0.11760 14:43:36
  880    36.16607    -96.83590    232.329      0.11722 14:43:37
  881    36.16601    -96.83582    232.672      0.11700 14:43:38
  882    36.16601    -96.83590    232.028      0.11728 14:43:39
  883    36.16418    -96.83348    232.196      0.06866 14:43:40
  884    36.16424    -96.83340    232.820      0.06777 14:43:41
  885    36.16424    -96.83340    232.573      0.06743 14:43:42
  886    36.16424    -96.83340    232.224      0.06756 14:43:43
  887    36.16424    -96.83340    231.922      0.06762 14:43:44
  888    36.16424    -96.83340    231.971      0.06773 14:43:45
  889    36.16424    -96.83340    231.498      0.06779 14:43:46
  890    36.16424    -96.83340    233.407      0.06758 14:43:47
  891    36.16424    -96.83333    231.904      0.06721 14:43:48
  892    36.16424    -96.83333    232.621      0.06710 14:43:49
  893    36.16424    -96.83333    232.957      0.06717 14:43:50
  894    36.16424    -96.83340    232.681      0.06766 14:43:51
  895    36.16424    -96.83333    232.327      0.06760 14:43:52
  896    36.16424    -96.83333    232.305      0.06760 14:43:53
  897    36.16424    -96.83340    231.702      0.06767 14:43:54
  898    36.16418    -96.83355    231.759      0.08748 14:43:55
  899    36.16424    -96.83333    231.400      0.06768 14:43:56
  900    36.16424    -96.83340    233.403      0.06842 14:43:57
  901    36.16430    -96.83340    232.922      0.06877 14:43:58
  902    36.16198    -96.83144    232.504      0.03566 14:43:59
  903    36.16198    -96.83144    231.257      0.03532 14:43:60
  904    36.16192    -96.83136    230.933      0.03500 14:44:01
  905    36.16393    -96.83348    231.384      0.07405 14:44:02
  906    36.16393    -96.83348    231.284      0.07398 14:44:03
  907    36.16393    -96.83348    231.692      0.07356 14:44:04
  908    36.16393    -96.83348    231.932      0.07337 14:44:05
  909    36.16118    -96.83151    232.473      0.00152 14:44:06
  910    36.16112    -96.83151    231.868      0.00065 14:44:07
  911    36.16112    -96.83151    231.938      0.00036 14:44:08
  912    36.16112    -96.83151    232.579      0.00103 14:44:09
  919    36.15789    -96.84172    232.821      0.00091 14:44:16
  920    36.15783    -96.84187    232.832      0.00084 14:44:17
  921    36.15783    -96.84179    232.649      0.00071 14:44:18
  922    36.15783    -96.84179    232.157      0.00090 14:44:19
  923    36.16387    -96.83340    232.734      0.07297 14:44:20
  924    36.16387    -96.83348    231.889      0.07273 14:44:21
  925    36.16387    -96.83340    232.570      0.07348 14:44:22
  926    36.16387    -96.83340    232.850      0.07395 14:44:23
  927    36.16393    -96.83348    233.285      0.07373 14:44:24
  928    36.16393    -96.83348    232.960      0.07352 14:44:25
  929    36.16393    -96.83348    232.148      0.07346 14:44:26
  930    36.16387    -96.83348    232.302      0.07309 14:44:27
  931    36.16387    -96.83340    233.073      0.07335 14:44:28
  932    36.16387    -96.83348    231.961      0.07307 14:44:29
  933    36.16387    -96.83340    231.299      0.07333 14:44:30
  934    36.16393    -96.83340    232.836      0.07354 14:44:31
  935    36.16393    -96.83340    231.952      0.07354 14:44:32
  936    36.16393    -96.83348    233.064      0.07355 14:44:33
  937    36.16393    -96.83348    232.582      0.07336 14:44:34
  938    36.16393    -96.83348    232.650      0.07359 14:44:35
  939    36.16387    -96.83348    232.104      0.07300 14:44:36
  940    36.16387    -96.83348    232.822      0.07283 14:44:37
  941    36.16466    -96.83590    232.144      0.12228 14:44:38
  942    36.16466    -96.83597    231.741      0.12169 14:44:39
  943    36.16466    -96.83590    232.315      0.12172 14:44:40
  944    36.16466    -96.83597    232.573      0.12212 14:44:41
  945    36.16466    -96.83597    232.810      0.12199 14:44:42
  946    36.15966    -96.83907    233.147      0.02428 14:44:43
  947    36.15966    -96.83907    232.553      0.02378 14:44:44
  948    36.15966    -96.83907    232.035      0.02285 14:44:45
  949    36.15966    -96.83907    231.606      0.02327 14:44:46
  950    36.15966    -96.83907    232.229      0.02353 14:44:47
  951    36.15966    -96.83907    232.746      0.02325 14:44:48
  952    36.15960    -96.83907    232.714      0.02332 14:44:49
  953    36.15960    -96.83907    231.282      0.02389 14:44:50
  954    36.16607    -96.83582    231.960      0.12010 14:44:51
  955    36.16613    -96.83582    232.209      0.11987 14:44:52
  956    36.16613    -96.83582    231.378      0.11966 14:44:53
  957    36.16613    -96.83582    232.923      0.11965 14:44:54
  958    36.16613    -96.83582    232.415      0.11984 14:44:55
  959    36.16613    -96.83582    233.121      0.11991 14:44:56
  960    36.16613    -96.83582    233.352      0.11972 14:44:57
  961    36.16613    -96.83582    232.302      0.11991 14:44:58
  962    36.16613    -96.83582    231.867      0.11943 14:44:59
  963    36.16613    -96.83590    231.725      0.11974 14:44:60
  964    36.16613    -96.83590    231.844      0.12015 14:45:01
  965    36.16613    -96.83590    233.835      0.12034 14:45:02
  966    36.16613    -96.83582    231.706      0.12032 14:45:03
  967    36.16613    -96.83590    231.741      0.12042 14:45:04
  968    36.16613    -96.83590    231.777      0.12101 14:45:05
  969    36.16613    -96.83582    233.385      0.12060 14:45:06
  970    36.16613    -96.83582    231.886      0.12016 14:45:07
  971    36.16424    -96.83333    231.503      0.06719 14:45:08
  972    36.16424    -96.83333    231.708      0.06746 14:45:09
  973    36.16424    -96.83333    232.074      0.06750 14:45:10
  974    36.16424    -96.83333    232.323      0.06755 14:45:11
  975    36.16424    -96.83333    231.250      0.06757 14:45:12
  976    36.16424    -96.83333    231.559      0.06725 14:45:13
  977    36.16424    -96.83333    231.724      0.06729 14:45:14
  978    36.16424    -96.83333    231.796      0.06727 14:45:15
  979    36.16424    -96.83333    232.450      0.06724 14:45:16
  980    36.16424    -96.83333    233.135      0.06721 14:45:17
  981    36.16424    -96.83333    233.183      0.06755 14:45:18
  982    36.16424    -96.83333    232.702      0.06762 14:45:19
  983    36.16424    -96.83333    232.634      0.06714 14:45:20
  984    36.16424    -96.83333    232.022      0.06703 14:45:21
  985    36.16424    -96.83333    231.473      0.06695 14:45:22
  986    36.16424    -96.83333    232.911      0.06729 14:45:23
  987    36.16424    -96.83333    231.539      0.06747 14:45:24
  988    36.16424    -96.83333    232.376      0.06724 14:45:25
  989    36.16424    -96.83333    232.570      0.06702 14:45:26
  990    36.16418    -96.83333    231.899      0.06691 14:45:27
  991    36.16418    -96.83333    232.245      0.06706 14:45:28
  992    36.16424    -96.83333    231.546      0.06754 14:45:29
  993    36.16424    -96.83333    231.737      0.06781 14:45:30
  994    36.16424    -96.83333    233.446      0.06784 14:45:31
  995    36.16424    -96.83333    232.788      0.06769 14:45:32
  996    36.16613    -96.83590    233.146      0.12095 14:45:33
  997    36.16613    -96.83590    232.883      0.12066 14:45:34
  998    36.16613    -96.83590    232.921      0.12093 14:45:35
  999    36.16613    -96.83590    232.413      0.12098 14:45:36
 1000    36.16613    -96.83590    232.579      0.12082 14:45:37
 1001    36.16613    -96.83590    232.369      0.12110 14:45:38
 1002    36.16613    -96.83590    233.189      0.12162 14:45:39
 1003    36.16613    -96.83590    233.412      0.12136 14:45:40
 1004    36.16613    -96.83590    231.763      0.12111 14:45:41
 1005    36.16613    -96.83590    232.345      0.12146 14:45:42
 1006    36.16424    -96.83333    232.756      0.06716 14:45:43
 1007    36.16424    -96.83333    233.315      0.06736 14:45:44
 1008    36.16424    -96.83333    232.181      0.06749 14:45:45
 1009    36.16424    -96.83333    231.499      0.06766 14:45:46
 1010    36.16424    -96.83333    231.928      0.06803 14:45:47
 1011    36.16424    -96.83333    233.076      0.06817 14:45:48
 1012    36.16424    -96.83333    232.987      0.06752 14:45:49
 1013    36.16424    -96.83333    233.485      0.06726 14:45:50
 1014    36.16424    -96.83333    233.119      0.06756 14:45:51
 1015    36.16424    -96.83333    232.845      0.06781 14:45:52
 1016    36.16424    -96.83333     -0.416      0.06748 14:45:53
 1017    36.16424    -96.83333    232.509      0.06821 14:45:54
 1018    36.16424    -96.83333    231.210      0.06822 14:45:55
 1019    36.16424    -96.83333    233.050      0.06741 14:45:56
 1020    36.16424    -96.83333    232.886      0.06688 14:45:57
 1021    36.16424    -96.83333    232.255      0.06666 14:45:58
 1022    36.16424    -96.83333    232.360      0.06674 14:45:59
 1023    36.16424    -96.83333    232.331      0.06666 14:45:60
 1024    36.16424    -96.83333    232.936      0.06640 14:46:01
 1025    36.16424    -96.83333    232.053      0.06643 14:46:02
 1026    36.16424    -96.83333    231.425      0.06688 14:46:03
 1027    36.16424    -96.83333    233.066      0.06716 14:46:04
 1028    36.16424    -96.83333    232.857      0.06724 14:46:05
 1029    36.16424    -96.83333    232.232      0.06707 14:46:06
 1030    36.16418    -96.83333    232.429      0.06739 14:46:07
 1031    36.16424    -96.83333    231.926      0.06742 14:46:08
 1032    36.16424    -96.83333    231.800      0.06742 14:46:09
 1033    36.16424    -96.83333    232.245      0.06702 14:46:10
 1034    36.16424    -96.83333    230.973      0.06691 14:46:11
 1035    36.16424    -96.83333    232.768      0.06672 14:46:12
 1036    36.16424    -96.83325    230.492      0.06737 14:46:13
 1037    36.16613    -96.83590    232.593      0.12161 14:46:15
 1038    36.16613    -96.83590    232.386      0.12188 14:46:16
 1039    36.16479    -96.83597    232.316      0.12495 14:46:17
 1040    36.16613    -96.83590    232.619      0.12163 14:46:18
 1041    36.16619    -96.83590    231.207      0.12136 14:46:19
 1042    36.16619    -96.83590    231.493      0.12129 14:46:20
 1043    36.16613    -96.83590    231.944      0.12087 14:46:21
 1044    36.16613    -96.83590    231.974      0.12099 14:46:22
 1045    36.16424    -96.83333    232.936      0.06720 14:46:23
 1046    36.16424    -96.83333    233.537      0.06753 14:46:24
 1047    36.16613    -96.83590    232.730      0.12159 14:46:25
 1048    36.16613    -96.83590    231.971      0.12186 14:46:26
 1049    36.16613    -96.83590    231.862      0.12092 14:46:27
 1050    36.16613    -96.83590    231.565      0.12061 14:46:28
 1051    36.16613    -96.83590    233.383      0.12072 14:46:29
 1052    36.16613    -96.83590    232.763      0.12113 14:46:30
 1053    36.16613    -96.83590    233.095      0.12095 14:46:31
 1054    36.17235    -96.83008    232.818      0.06868 14:46:32
 1055    36.17235    -96.83008    231.874      0.06842 14:46:33
 1056    36.17241    -96.83008    230.674      0.06818 14:46:34
 1057    36.17241    -96.83008    231.567      0.06840 14:46:35
 1058    36.17241    -96.83008    232.895      0.06848 14:46:36
 1059    36.17241    -96.83000    233.024      0.06934 14:46:37
 1060    36.16881    -96.83053    232.564      0.01155 14:46:38
 1061    36.16887    -96.83053    232.985      0.01170 14:46:39
 1062    36.16881    -96.83053    232.001      0.01141 14:46:40
 1063    36.16881    -96.83053    231.894      0.01165 14:46:41
 1064    36.16881    -96.83053    232.557      0.01105 14:46:42
 1065    36.16881    -96.83053    231.854      0.01134 14:46:43
 1066    36.16881    -96.83053    231.944      0.01148 14:46:44
 1067    36.16851    -96.83061    231.647      0.00012 14:46:45
 1068    36.16857    -96.83061    232.693      0.00096 14:46:46
 1069    36.16851    -96.83061    232.338      0.00080 14:46:47
 1070    36.16851    -96.83061    232.205      0.00079 14:46:48
 1071    36.16857    -96.83061    232.587      0.00095 14:46:49
 1072    36.16857    -96.83061    233.190      0.00063 14:46:50
 1073    36.16857    -96.83061    233.141      0.00061 14:46:51
 1075    36.16863    -96.83053    232.005      0.00085 14:46:53
 1076    36.16863    -96.83053    232.974      0.00068 14:46:54
 1077    36.16863    -96.83053    232.060      0.00076 14:46:55
 1078    36.16869    -96.83053    233.122      0.00109 14:46:56
 1079    36.17583    -96.82985    232.621      0.00196 14:46:57
 1080    36.17583    -96.82985    232.613      0.00194 14:46:58
 1081    36.17589    -96.82977    232.454      0.00179 14:46:59
 1082    36.17577    -96.82985    233.470      0.00143 14:46:60
 1083    36.17577    -96.82985    231.821      0.00121 14:47:01
 1084    36.17577    -96.82985    233.112      0.00137 14:47:02
 1085    36.17248    -96.83000    231.921      0.06989 14:47:03
 1086    36.17583    -96.82977    232.393      0.00136 14:47:04
 1087    36.17248    -96.83000    233.516      0.07107 14:47:05
 1088    36.17241    -96.83008    232.153      0.07119 14:47:06
 1089    36.17241    -96.83000    232.143      0.07129 14:47:07
 1090    36.17150    -96.83023    232.868      0.07331 14:47:08
 1091    36.17150    -96.83023    231.253      0.07256 14:47:09
 1092    36.17150    -96.83023    231.745      0.07253 14:47:10
 1093    36.17156    -96.83023    231.304      0.07209 14:47:11
 1094    36.17150    -96.83023    232.733      0.07297 14:47:12
 1095    36.17156    -96.83023    231.600      0.07280 14:47:13
 1096    36.17595    -96.82977    231.958      0.00025 14:47:14
 1097    36.17595    -96.82977    230.803      0.00089 14:47:15
 1098    36.17595    -96.82977    232.218      0.00138 14:47:16
 1099    36.17589    -96.82977    231.632      0.00140 14:47:17
 1100    36.17595    -96.82970    231.104      0.00143 14:47:18
 1114    36.16179    -96.83749    231.158      0.00087 14:47:32
 1115    36.16186    -96.83749    231.830      0.00068 14:47:33
 1116    36.16179    -96.83749    231.715      0.00077 14:47:34
 1117    36.16179    -96.83749    231.525      0.00073 14:47:35
 1118    36.16186    -96.83749    231.771      0.00045 14:47:36
 1119    36.16186    -96.83749    232.228      0.00068 14:47:37
 1120    36.16186    -96.83749    231.299      0.00056 14:47:38
 1121    36.16179    -96.83749    232.742      0.00106 14:47:39
 1122    36.16186    -96.83749    232.245      0.00106 14:47:40
 1123    36.16186    -96.83749    231.944      0.00093 14:47:41
 1125    36.16179    -96.83749    231.975      0.00060 14:47:43
 1126    36.16179    -96.83749    232.322      0.00078 14:47:44
 1127    36.17150    -96.83015    229.549      0.07496 14:47:45
 1128    36.17150    -96.83015    230.348      0.07496 14:47:46
 1129    36.17150    -96.83015    231.662      0.07525 14:47:47
 1130    36.16857    -96.83045    230.848      0.00030 14:47:48
 1131    36.16863    -96.83045    232.933      0.00084 14:47:49
 1132    36.16399    -96.83340    230.408      0.07450 14:47:50
 1133    36.16418    -96.83333    232.209      0.06816 14:47:51
 1134    36.16418    -96.83333    230.886      0.06835 14:47:52
 1135    36.16424    -96.83333    231.541      0.06735 14:47:53
 1136    36.16424    -96.83340    231.453      0.06706 14:47:54
 1137    36.16424    -96.83340    232.962      0.06756 14:47:55
 1138    36.16424    -96.83340    231.582      0.06677 14:47:56
 1139    36.16418    -96.83340    230.626      0.06657 14:47:57
 1140    36.16411    -96.83371    232.911      0.08576 14:47:58
 1141    36.16411    -96.83371    230.680      0.08588 14:47:59
 1142    36.16411    -96.83371    230.974      0.08572 14:47:60
 1143    36.16418    -96.83371    231.303      0.08601 14:48:01
 1144    36.16411    -96.83371    231.191      0.08498 14:48:02
 1145    36.16411    -96.83371    230.555      0.08535 14:48:03
 1146    36.16411    -96.83371    231.167      0.08526 14:48:04
 1147    36.16411    -96.83371    231.896      0.08651 14:48:05
 1148    36.16411    -96.83371    231.434      0.08660 14:48:06
 1149    36.16411    -96.83371    232.515      0.08509 14:48:07
 1150    36.16411    -96.83371    234.238      0.08477 14:48:08
 1151    36.16405    -96.83371    232.677      0.08477 14:48:09
 1152    36.15874    -96.84051    232.652      0.00090 14:48:10
 1153    36.15874    -96.84051    232.204      0.00093 14:48:11
 1154    36.15874    -96.84051    233.467      0.00107 14:48:12
 1155    36.15868    -96.84051    232.570      0.00097 14:48:13
 1156    36.16393    -96.83318    233.577      0.07413 14:48:14
 1157    36.16393    -96.83318    233.417      0.07453 14:48:15
 1158    36.16387    -96.83318    232.797      0.07467 14:48:16
 1159    36.16387    -96.83318    232.321      0.07512 14:48:17
 1160    36.16649    -96.83552    233.039      0.00068 14:48:18
 1161    36.16649    -96.83552    233.628      0.00005 14:48:19
 1162    36.16649    -96.83552    232.622      0.00052 14:48:20
 1163    36.16552    -96.83522    232.432      0.03236 14:48:21
 1164    36.16552    -96.83522    232.057      0.03216 14:48:22
 1165    36.16546    -96.83514    231.214      0.03200 14:48:23
 1166    36.16546    -96.83514    232.554      0.03252 14:48:24
 1167    36.16546    -96.83514    232.203      0.03274 14:48:25
 1168    36.16552    -96.83522    231.854      0.03293 14:48:26
 1169    36.16552    -96.83522    232.716      0.03213 14:48:27
 1170    36.16552    -96.83522    232.053      0.03300 14:48:28
 1171    36.16649    -96.83552    232.288      0.00102 14:48:29
 1172    36.16643    -96.83544    232.429      0.00131 14:48:30
 1173    36.16552    -96.83522    231.498      0.03213 14:48:31
 1174    36.16387    -96.83310    233.760      0.07288 14:48:32
 1175    36.15874    -96.84021    233.054      0.00058 14:48:33
 1176    36.16411    -96.83302    232.976      0.06770 14:48:34
 1177    36.16411    -96.83310    232.667      0.06799 14:48:35
 1178    36.16411    -96.83310    234.139      0.06768 14:48:36
 1179    36.16411    -96.83310    232.420      0.06814 14:48:37
 1180    36.16411    -96.83310    232.116      0.06805 14:48:38
 1181    36.16411    -96.83310    232.346      0.06820 14:48:39
 1182    36.16411    -96.83310    234.172      0.06775 14:48:40
 1183    36.16411    -96.83310    232.268      0.06785 14:48:41
 1184    36.16381    -96.83340    231.564      0.07264 14:48:42
 1185    36.16381    -96.83333    232.275      0.07239 14:48:43
 1186    36.16381    -96.83340    232.267      0.07255 14:48:44
 1187    36.16381    -96.83333    232.066      0.07288 14:48:45
 1188    36.16381    -96.83333    231.198      0.07274 14:48:46
 1189    36.16381    -96.83333    232.407      0.07288 14:48:47
 1190    36.16411    -96.83302    232.075      0.06777 14:48:48
 1191    36.16411    -96.83302    232.544      0.06807 14:48:49
 1192    36.16411    -96.83310    232.805      0.06790 14:48:50
 1193    36.16411    -96.83310    232.166      0.06763 14:48:51
 1194    36.16411    -96.83310    231.730      0.06755 14:48:52
 1195    36.16411    -96.83310    231.476      0.06795 14:48:53
 1196    36.16411    -96.83310    232.774      0.06798 14:48:54
 1197    36.16405    -96.83302    231.459      0.06761 14:48:55
 1198    36.16173    -96.83098    231.847      0.02170 14:48:56
 1199    36.16173    -96.83098    231.586      0.02122 14:48:57
 1200    36.16173    -96.83098    231.844      0.02133 14:48:58
 1201    36.16167    -96.83091    232.209      0.02133 14:48:59
 1202    36.16173    -96.83098    232.007      0.02108 14:48:60
 1203    36.16173    -96.83098    231.305      0.02085 14:49:01
 1204    36.16167    -96.83098    232.017      0.02105 14:49:02
 1205    36.16137    -96.83106    232.574      0.03798 14:49:03
 1206    36.16137    -96.83106    232.545      0.03771 14:49:04
 1207    36.16131    -96.83098    231.449      0.03791 14:49:05
 1208    36.16131    -96.83098    230.796      0.03776 14:49:06
 1209    36.16137    -96.83098    233.333      0.03787 14:49:07
 1210    36.16137    -96.83098    231.329      0.03774 14:49:08
 1212    36.16137    -96.83098    231.144      0.03763 14:49:10
 1213    36.16131    -96.83091    231.721      0.03745 14:49:11
 1214    36.16131    -96.83091    232.628      0.03803 14:49:12
 1215    36.16131    -96.83091    232.021      0.03778 14:49:13
 1216    36.16131    -96.83091    231.047      0.03759 14:49:14
 1217    36.16131    -96.83091    232.916      0.03754 14:49:15
 1218    36.16131    -96.83091    232.299      0.03798 14:49:16
 1219    36.16112    -96.83008    233.084      0.04369 14:49:17
 1220    36.16112    -96.83008    231.959      0.04319 14:49:18
 1221    36.16094    -96.83106    233.096      0.03830 14:49:19
 1222    36.16094    -96.83098    230.550      0.03805 14:49:20
 1223    36.16131    -96.83098    231.978      0.03751 14:49:21
 1224    36.16094    -96.83098    232.054      0.03794 14:49:22
 1225    36.16094    -96.83098    232.235      0.03821 14:49:23
 1226    36.16088    -96.83091    232.543      0.03844 14:49:24
 1227    36.16094    -96.83098    232.392      0.03758 14:49:25
 1228    36.16320    -96.82365    231.021      0.00080 14:49:26
 1229    36.16320    -96.82380    231.618      0.00104 14:49:27
 1230    36.16320    -96.82373    231.811      0.00100 14:49:28
 1231    36.16326    -96.82350    231.425      0.00138 14:49:29
 1233    36.16326    -96.82335    236.916      0.00092 14:49:31
 1234    36.16002    -96.83832    240.253      0.07583 14:49:32
 1235    36.16424    -96.83355    246.580      0.06667 14:49:33
 1236    36.16430    -96.83355    248.700      0.06671 14:49:34
 1237    36.16430    -96.83348    254.266      0.06658 14:49:35
 1238    36.16436    -96.83348    256.901      0.06656 14:49:36
 1239    36.16436    -96.83348    260.277      0.06644 14:49:37
 1240    36.09893    -96.85555    263.880      1.66115 14:49:38
 1241    36.16521    -96.83605    269.796      0.11839 14:49:39
 1242    36.16546    -96.83590    271.183      0.11758 14:49:40
 1243    36.16552    -96.83590    274.371      0.11752 14:49:41
 1244    36.14489    -96.82237    277.121      1.00280 14:49:42
 1245    36.16564    -96.83582    281.693      0.11758 14:49:43
 1246    36.16570    -96.83582    285.607      0.11771 14:49:44
 1247    36.16570    -96.83582    291.219      0.11765 14:49:45
 1248    36.16576    -96.83582    296.253      0.11757 14:49:46
 1249    36.16582    -96.83582    299.692      0.11759 14:49:47
 1250    36.16588    -96.83575    302.054      0.11743 14:49:48
 1251    36.16595    -96.83575    305.522      0.11728 14:49:49
 1252    36.16601    -96.83575    308.021      0.11732 14:49:50
 1253    36.16607    -96.83575    308.343      0.11749 14:49:51
 1254    36.16613    -96.83575    311.249      0.11759 14:49:52
 1255    36.16619    -96.83575    315.612      0.11754 14:49:53
 1256    36.16625    -96.83582    317.931      0.11755 14:49:54
 1257    36.16625    -96.83582    321.203      0.11757 14:49:55
 1258    36.16631    -96.83582    325.112      0.11750 14:49:56
 1259    36.16637    -96.83582    328.607      0.11755 14:49:57
 1260    36.16637    -96.83582    335.271      0.11762 14:49:58
 1261    36.16649    -96.83582    337.980      0.11752 14:49:59
 1262    36.16656    -96.83582    344.087      0.11757 14:49:60
 1263    36.16662    -96.83582    347.167      0.11760 14:50:01
 1264    36.16668    -96.83575    351.660      0.11754 14:50:02
 1265    36.16668    -96.83567    354.828      0.11754 14:50:03
 1266    36.16674    -96.83567    356.288      0.11770 14:50:04
 1268    36.16692    -96.83560    362.089      0.11765 14:50:06
 1269    36.16698    -96.83552    364.821      0.11751 14:50:07
 1270    36.16710    -96.83552    367.063      0.11754 14:50:08
 1271    36.16753    -96.83537    346.432      0.11441 14:50:09
 1272    36.16820    -96.83628     -0.416      0.11573 14:50:12
 1273    36.15105    -96.83491    380.360      1.97569 14:50:13
 1274    36.16747    -96.83522    381.152      0.11745 14:50:14
 1275    36.16759    -96.83522    383.548      0.11755 14:50:15
 1276    36.16802    -96.83507    385.401      0.11454 14:50:16
 1277    36.16814    -96.83507    387.670      0.11451 14:50:17
 1278    36.16820    -96.83499    391.455      0.11443 14:50:18
 1279    36.16826    -96.83491    393.999      0.11451 14:50:19
 1282    36.17339    -96.82985    523.242      0.11757 14:51:25
 1283    36.17650    -96.82788    525.286      0.12758 14:51:26
 1284    36.16308    -96.83718    527.889      0.79274 14:51:27
 1285    36.17364    -96.82955    529.038      0.11771 14:51:28
 1286    36.17376    -96.82947    531.731      0.11722 14:51:29
 1287    36.17382    -96.82932    532.309      0.11762 14:51:30
 1288    36.17388    -96.82924    535.620      0.11759 14:51:31
 1289    36.17400    -96.82917    537.072      0.11766 14:51:32
 1290    36.17406    -96.82909    538.739      0.11766 14:51:33
 1291    36.17418    -96.82894    540.331      0.11764 14:51:34
 1293    36.17431    -96.82872    543.699      0.11770 14:51:36
 1294    36.17437    -96.82864    546.076      0.11762 14:51:37
 1295    36.17449    -96.82856    548.726      0.11743 14:51:38
 1296    36.17455    -96.82841    549.963      0.11747 14:51:39
 1297    36.17467    -96.82834    551.891      0.11752 14:51:40
 1298    36.17473    -96.82826    554.636      0.11750 14:51:41
 1299    36.17480    -96.82811    557.022      0.11753 14:51:42
 1300    36.17486    -96.82804    556.955      0.11753 14:51:43
 1301    36.17498    -96.82788    560.249      0.11752 14:51:44
 1302    36.17504    -96.82781    563.065      0.11752 14:51:45
 1303    36.17510    -96.82773    564.290      0.11743 14:51:46
 1304    36.17522    -96.82758    567.030      0.11736 14:51:47
 1305    36.17528    -96.82751    568.099      0.11752 14:51:48
 1306    36.17534    -96.82735    570.080      0.11748 14:51:49
 1307    36.17547    -96.82728    572.492      0.11742 14:51:50
 1308    36.17553    -96.82720    574.074      0.11737 14:51:51
 1309    36.17553    -96.82698    577.138      0.11667 14:51:52
 1310    36.17595    -96.82683    578.252      0.11414 14:51:53
 1311    36.17602    -96.82675    580.803      0.11437 14:51:54
 1312    36.17608    -96.82660    583.077      0.11434 14:51:55
 1313    36.17614    -96.82652    584.215      0.11431 14:51:56
 1314    36.17626    -96.82637    586.946      0.11441 14:51:57
 1315    36.17632    -96.82630    589.377      0.11453 14:51:58
 1316    36.17638    -96.82622    590.478      0.11450 14:51:59
 1317    36.17644    -96.82607    592.885      0.11445 14:51:60
 1318    36.17657    -96.82599    596.486      0.11451 14:52:01
 1319    36.17663    -96.82584    596.674      0.11456 14:52:02
 1320    36.17638    -96.82584    598.387      0.11703 14:52:03
 1321    36.17650    -96.82569    600.903      0.11702 14:52:04
 1322    36.17657    -96.82562    603.795      0.11711 14:52:05
 1323    36.17663    -96.82546    605.482      0.11732 14:52:06
 1324    36.17669    -96.82539    607.078      0.11728 14:52:07
 1325    36.17681    -96.82524    609.215      0.11721 14:52:08
 1326    36.17687    -96.82516    611.540      0.11714 14:52:09
 1327    36.17705    -96.82516    613.207      0.11782 14:52:10
 1328    36.17718    -96.82501    614.442      0.11800 14:52:11
 1329    36.17724    -96.82494    617.514      0.11793 14:52:12
 1330    36.17730    -96.82478    619.090      0.11798 14:52:13
 1331    36.17742    -96.82471    620.701      0.11799 14:52:14
 1332    36.17748    -96.82456    623.741      0.11797 14:52:15
 1333    36.17754    -96.82448    625.834      0.11792 14:52:16
 1334    36.17760    -96.82433    626.880      0.11785 14:52:17
 1335    36.17803    -96.82418    628.513      0.11533 14:52:18
 1336    36.17809    -96.82403    631.246      0.11543 14:52:19
 1337    36.17821    -96.82395    633.813      0.11554 14:52:20
 1338    36.17797    -96.82388    636.019      0.11785 14:52:21
 1339    36.17803    -96.82380    638.114      0.11796 14:52:22
 1340    36.17815    -96.82365    639.314      0.11785 14:52:23
 1341    36.17821    -96.82357    642.574      0.11771 14:52:24
 1342    36.17827    -96.82342    643.703      0.11783 14:52:25
 1343    36.17834    -96.82335    646.243      0.11781 14:52:26
 1344    36.17840    -96.82320    647.565      0.11773 14:52:27
 1345    36.17852    -96.82312    649.621      0.11774 14:52:28
 1346    36.17858    -96.82305    652.100      0.11813 14:52:29
 1347    36.17864    -96.82289    653.032      0.11805 14:52:30
 1348    36.17876    -96.82282    654.876      0.11794 14:52:31
 1349    36.17870    -96.82259    658.751      0.11723 14:52:32
 1350    36.17876    -96.82252    660.111      0.11724 14:52:33
 1351    36.17888    -96.82237    661.860      0.11722 14:52:34
 1352    36.17895    -96.82229    663.769      0.11732 14:52:35
 1353    36.17901    -96.82214    666.387      0.11730 14:52:36
 1354    36.17913    -96.82206    667.341      0.11736 14:52:37
 1355    36.17919    -96.82191    670.089      0.11729 14:52:38
 1356    36.17925    -96.82184    673.448      0.11730 14:52:39
 1357    36.17931    -96.82168    673.825      0.11736 14:52:40
 1358    36.17943    -96.82161    675.527      0.11732 14:52:41
 1359    36.17950    -96.82146    677.411      0.11723 14:52:42
 1360    36.17956    -96.82138    679.383      0.11717 14:52:43
 1361    36.17998    -96.82123    681.230      0.11482 14:52:44
 1362    36.18004    -96.82108    683.949      0.11489 14:52:45
 1363    36.18011    -96.82100    685.783      0.11467 14:52:46
 1364    36.18017    -96.82085    687.000      0.11470 14:52:47
 1365    36.18029    -96.82078    689.479      0.11461 14:52:48
 1366    36.18035    -96.82063    691.927      0.11473 14:52:49
 1367    36.18041    -96.82055    692.210      0.11472 14:52:50
 1368    36.18053    -96.82040    696.092      0.11474 14:52:51
 1369    36.18059    -96.82032    698.137      0.11478 14:52:52
 1370    36.18065    -96.82017    699.364      0.11470 14:52:53
 1371    36.18072    -96.82010    702.601      0.11476 14:52:54
 1372    36.18084    -96.82002    703.231      0.11480 14:52:55
 1373    36.18090    -96.81987    705.092      0.11493 14:52:56
 1374    36.18096    -96.81972    708.519      0.11500 14:52:57
 1375    36.18102    -96.81964    709.777      0.11509 14:52:58
 1376    36.18108    -96.81949    712.878      0.11504 14:52:59
 1377    36.18120    -96.81942    713.859      0.11500 14:52:60
 1378    36.18127    -96.81934    716.276      0.11494 14:53:01
 1379    36.18133    -96.81919    718.044      0.11505 14:53:02
 1380    36.18139    -96.81911    720.818      0.11501 14:53:03
 1381    36.18151    -96.81896    722.742      0.11493 14:53:04
 1382    36.18157    -96.81889    722.606      0.11498 14:53:05
 1383    36.18163    -96.81874    727.099      0.11505 14:53:06
 1384    36.18175    -96.81866    728.409      0.11502 14:53:07
 1385    36.18181    -96.81851    730.310      0.11504 14:53:08
 1386    36.18188    -96.81843    733.273      0.11505 14:53:09
 1387    36.18194    -96.81828    735.222      0.11509 14:53:10
 1388    36.18200    -96.81821    736.055      0.11512 14:53:11
 1389    36.18212    -96.81806    738.846      0.11511 14:53:12
 1390    36.18218    -96.81798    740.679      0.11515 14:53:13
 1391    36.18224    -96.81783    742.054      0.11511 14:53:14
 1392    36.18236    -96.81775    744.099      0.11513 14:53:15
 1393    36.18242    -96.81760    745.323      0.11512 14:53:16
 1394    36.18249    -96.81753    748.569      0.11524 14:53:17
 1395    36.18255    -96.81745    750.173      0.11526 14:53:18
 1396    36.18267    -96.81730    752.334      0.11528 14:53:19
 1397    36.18242    -96.81722    753.065      0.11726 14:53:20
 1398    36.18255    -96.81715    756.408      0.11734 14:53:21
 1399    36.18261    -96.81700    758.255      0.11728 14:53:22
 1400    36.18267    -96.81692    758.766      0.11717 14:53:23
 1401    36.18273    -96.81677    760.958      0.11713 14:53:24
 1402    36.18279    -96.81670    764.150      0.11723 14:53:25
 1403    36.18291    -96.81654    764.971      0.11728 14:53:26
 1404    36.18297    -96.81647    767.508      0.11722 14:53:27
 1405    36.18304    -96.81639    770.346      0.11724 14:53:28
 1406    36.18322    -96.81632    771.092      0.11792 14:53:29
 1407    36.18334    -96.81617    774.220      0.11800 14:53:30
 1408    36.18340    -96.81609    776.713      0.11799 14:53:31
 1409    36.18346    -96.81601    776.739      0.11810 14:53:32
 1410    36.18358    -96.81586    779.665      0.11797 14:53:33
 1411    36.18365    -96.81579    779.905      0.11807 14:53:34
 1412    36.18371    -96.81564    782.899      0.11801 14:53:35
 1413    36.18377    -96.81556    786.147      0.11811 14:53:36
 1414    36.18383    -96.81541    787.521      0.11809 14:53:37
 1415    36.18395    -96.81533    789.403      0.11802 14:53:38
 1416    36.18389    -96.81511    791.282      0.11731 14:53:39
 1417    36.18395    -96.81503    794.584      0.11744 14:53:40
 1418    36.18407    -96.81488    795.283      0.11749 14:53:41
 1419    36.18413    -96.81481    797.109      0.11740 14:53:42
 1420    36.18419    -96.81465    799.406      0.11740 14:53:43
 1421    36.18432    -96.81458    801.534      0.11741 14:53:44
 1422    36.18438    -96.81443    803.629      0.11736 14:53:45
 1423    36.18474    -96.81435    805.869      0.11538 14:53:46
 1424    36.18481    -96.81420    809.228      0.11528 14:53:47
 1425    36.18487    -96.81413    810.150      0.11529 14:53:48
 1426    36.18493    -96.81397    813.193      0.11533 14:53:49
 1427    36.18499    -96.81390    813.389      0.11538 14:53:50
 1428    36.18511    -96.81375    814.978      0.11536 14:53:51
 1429    36.18517    -96.81367    818.576      0.11537 14:53:52
 1430    36.18523    -96.81352    819.971      0.11537 14:53:53
 1431    36.18529    -96.81344    822.165      0.11532 14:53:54
 1432    36.18542    -96.81329    823.956      0.11537 14:53:55
 1433    36.18523    -96.81322    827.193      0.11744 14:53:56
 1434    36.18529    -96.81314    830.246      0.11745 14:53:57
 1435    36.18535    -96.81307    830.838      0.11742 14:53:58
 1436    36.18542    -96.81292    833.588      0.11747 14:53:59
 1437    36.18548    -96.81284    834.562      0.11745 14:53:60
 1438    36.18560    -96.81276    838.336      0.11740 14:54:01
 1439    36.18566    -96.81261    839.206      0.11727 14:54:02
 1440    36.18572    -96.81254    840.649      0.11722 14:54:03
 1441    36.18578    -96.81246    841.728      0.11712 14:54:04
 1442    36.18590    -96.81231    846.685      0.11721 14:54:05
 1443    36.18596    -96.81224    847.305      0.11728 14:54:06
 1444    36.18603    -96.81208    850.101      0.11728 14:54:07
 1445    36.18609    -96.81201    851.967      0.11706 14:54:08
 1446    36.18615    -96.81186    853.763      0.11713 14:54:09
 1447    36.18621    -96.81178    856.789      0.11719 14:54:10
 1448    36.18627    -96.81171    858.876      0.11715 14:54:11
 1449    36.18639    -96.81163    861.143      0.11725 14:54:12
 1450    36.18670    -96.81148    863.668      0.11558 14:54:13
 1451    36.18682    -96.81140    865.062      0.11557 14:54:14
 1452    36.18688    -96.81125    866.454      0.11553 14:54:15
 1453    36.18694    -96.81118    869.527      0.11549 14:54:16
 1454    36.18700    -96.81110    870.269      0.11563 14:54:17
 1455    36.18706    -96.81095    872.564      0.11553 14:54:18
 1456    36.18719    -96.81087    874.549      0.11553 14:54:19
 1457    36.18725    -96.81072    877.463      0.11554 14:54:20
 1458    36.18731    -96.81065    880.336      0.11548 14:54:21
 1459    36.18737    -96.81057    880.998      0.11547 14:54:22
 1460    36.18749    -96.81042    883.484      0.11539 14:54:23
 1461    36.18755    -96.81035    886.224      0.11538 14:54:24
 1462    36.18761    -96.81027    887.315      0.11544 14:54:25
 1463    36.18743    -96.81019    890.579      0.11724 14:54:26
 1464    36.18749    -96.81004    892.494      0.11722 14:54:27
 1465    36.18755    -96.80997    895.393      0.11717 14:54:28
 1466    36.18767    -96.80989    898.043      0.11721 14:54:29
 1467    36.18773    -96.80974    899.401      0.11724 14:54:30
 1468    36.18780    -96.80966    901.370      0.11732 14:54:31
 1469    36.18786    -96.80959    904.354      0.11741 14:54:32
 1470    36.18792    -96.80951    904.631      0.11736 14:54:33
 1471    36.18804    -96.80936    907.721      0.11735 14:54:34
 1472    36.18810    -96.80929    909.414      0.11740 14:54:35
 1473    36.18816    -96.80921    910.916      0.11728 14:54:36
 1474    36.18822    -96.80906    913.507      0.11739 14:54:37
 1475    36.18828    -96.80898    916.051      0.11737 14:54:38
 1476    36.18835    -96.80891    918.865      0.11729 14:54:39
 1477    36.18847    -96.80883    920.379      0.11750 14:54:40
 1478    36.18853    -96.80868    922.750      0.11747 14:54:41
 1479    36.18859    -96.80861    924.948      0.11744 14:54:42
 1480    36.18865    -96.80853    927.741      0.11744 14:54:43
 1481    36.18871    -96.80846    929.442      0.11749 14:54:44
 1482    36.18877    -96.80830    932.021      0.11749 14:54:45
 1483    36.18908    -96.80823    933.658      0.11572 14:54:46
 1484    36.18914    -96.80808    935.955      0.11574 14:54:47
 1485    36.18926    -96.80800    937.138      0.11582 14:54:48
 1486    36.18932    -96.80793    940.127      0.11572 14:54:49
 1487    36.18938    -96.80785    944.226      0.11565 14:54:50
 1488    36.18944    -96.80777    945.243      0.11574 14:54:51
 1489    36.18950    -96.80762    946.625      0.11584 14:54:52
 1490    36.18963    -96.80755    949.279      0.11579 14:54:53
 1491    36.18969    -96.80747    951.121      0.11579 14:54:54
 1492    36.18975    -96.80740    952.731      0.11590 14:54:55
 1493    36.18981    -96.80732    955.583      0.11585 14:54:56
 1494    36.18987    -96.80725    957.852      0.11577 14:54:57
 1495    36.18999    -96.80717    959.668      0.11559 14:54:58
 1496    36.19005    -96.80702    960.936      0.11572 14:54:59
 1497    36.19012    -96.80694    964.384      0.11572 14:54:60
 1498    36.19018    -96.80687    965.682      0.11574 14:55:01
 1499    36.19024    -96.80679    967.517      0.11574 14:55:02
 1500    36.19030    -96.80672    970.124      0.11569 14:55:03
 1501    36.19036    -96.80657    971.798      0.11564 14:55:04
 1502    36.19042    -96.80649    975.900      0.11572 14:55:05
 1503    36.19054    -96.80641    976.601      0.11579 14:55:06
 1504    36.19060    -96.80634    978.661      0.11578 14:55:07
 1505    36.19066    -96.80626    980.216      0.11571 14:55:08
 1506    36.19073    -96.80619    983.272      0.11576 14:55:09
 1507    36.19079    -96.80611    985.110      0.11586 14:55:10
 1508    36.19085    -96.80604    987.489      0.11586 14:55:11
 1509    36.19091    -96.80596    989.479      0.11589 14:55:12
 1510    36.19103    -96.80588    989.815      0.11589 14:55:13
 1511    36.19109    -96.80581    992.097      0.11581 14:55:14
 1512    36.19115    -96.80566    994.572      0.11592 14:55:15
 1513    36.19121    -96.80558    996.209      0.11590 14:55:16
 1514    36.19127    -96.80551    998.245      0.11579 14:55:17
 1515    36.19134    -96.80551   1000.791      0.11580 14:55:18
 1516    36.21795    -96.82093   1002.728      1.15294 14:55:19
 1517    36.19146    -96.80536   1005.298      0.11587 14:55:20
 1518    36.19152    -96.80528   1006.806      0.11591 14:55:21
 1519    36.19158    -96.80520   1008.103      0.11588 14:55:22
 1520    36.19170    -96.80513   1009.447      0.11594 14:55:23
 1521    36.19176    -96.80505   1012.833      0.11595 14:55:24
 1522    36.19182    -96.80498   1015.006      0.11595 14:55:25
 1523    36.19170    -96.80490   1016.326      0.11754 14:55:26
 1524    36.19176    -96.80483   1018.282      0.11749 14:55:27
 1525    36.19182    -96.80475   1020.577      0.11761 14:55:28
 1526    36.19189    -96.80468   1022.891      0.11753 14:55:29
 1527    36.19195    -96.80460   1024.038      0.11750 14:55:30
 1528    36.19201    -96.80452   1025.911      0.11740 14:55:31
 1529    36.19225    -96.80460   1027.664      0.11806 14:55:32
 1530    36.19231    -96.80445   1029.979      0.11815 14:55:33
 1531    36.19237    -96.80437   1032.726      0.11818 14:55:34
 1532    36.19243    -96.80430   1033.535      0.11814 14:55:35
 1533    36.19250    -96.80422   1036.001      0.11830 14:55:36
 1534    36.19256    -96.80415   1037.144      0.11822 14:55:37
 1535    36.19262    -96.80407   1039.065      0.11820 14:55:38
 1536    36.19280    -96.80392   1040.434      0.11606 14:55:39
 1537    36.19286    -96.80384   1043.589      0.11599 14:55:40
 1538    36.19292    -96.80377   1043.908      0.11601 14:55:41
 1539    36.19298    -96.80369   1047.979      0.11602 14:55:42
 1540    36.19304    -96.80362   1047.646      0.11614 14:55:43
 1541    36.19317    -96.80354   1050.915      0.11611 14:55:44
 1542    36.19323    -96.80347   1051.928      0.11615 14:55:45
 1543    36.19329    -96.80339   1055.124      0.11606 14:55:46
 1544    36.19335    -96.80331   1056.779      0.11601 14:55:47
 1545    36.19341    -96.80324   1057.841      0.11605 14:55:48
 1546    36.19347    -96.80309   1060.048      0.11603 14:55:49
 1547    36.19335    -96.80301   1061.696      0.11755 14:55:50
 1548    36.19341    -96.80294   1062.792      0.11755 14:55:51
 1549    36.19359    -96.80301   1065.899      0.11820 14:55:52
 1550    36.19372    -96.80294   1067.557      0.11820 14:55:53
 1551    36.19372    -96.80286   1071.736      0.11818 14:55:54
 1552    36.19384    -96.80279   1073.410      0.11823 14:55:55
 1553    36.19390    -96.80271   1072.576      0.11820 14:55:56
 1554    36.19396    -96.80263   1075.713      0.11826 14:55:57
 1555    36.19402    -96.80256   1079.460      0.11817 14:55:58
 1556    36.19408    -96.80248   1081.171      0.11831 14:55:59
 1557    36.19414    -96.80233   1084.601      0.11819 14:55:60
 1558    36.19420    -96.80226   1087.266      0.11821 14:56:01
 1559    36.19445    -96.80218   1087.691      0.11668 14:56:02
 1560    36.19439    -96.80203   1088.695      0.11601 14:56:03
 1561    36.19445    -96.80195   1090.860      0.11607 14:56:04
 1562    36.19451    -96.80188   1092.773      0.11614 14:56:05
 1563    36.19457    -96.80180   1094.982      0.11614 14:56:06
 1564    36.19463    -96.80173   1096.034      0.11615 14:56:07
 1565    36.19469    -96.80165   1098.261      0.11612 14:56:08
 1566    36.19475    -96.80158   1100.421      0.11614 14:56:09
 1567    36.19481    -96.80150   1100.968      0.11598 14:56:10
 1568    36.19488    -96.80142   1103.040      0.11607 14:56:11
 1569    36.19494    -96.80135   1105.924      0.11612 14:56:12
 1570    36.19500    -96.80127   1106.789      0.11607 14:56:13
 1571    36.19506    -96.80120   1109.665      0.11610 14:56:14
 1572    36.19512    -96.80112   1111.459      0.11611 14:56:15
 1573    36.19518    -96.80105   1112.886      0.11595 14:56:16
 1574    36.19518    -96.80097   1114.380      0.11609 14:56:17
 1575    36.19524    -96.80090   1117.577      0.11617 14:56:18
 1576    36.19530    -96.80082   1117.268      0.11611 14:56:19
 1577    36.19536    -96.80074   1120.620      0.11617 14:56:20
 1578    36.19543    -96.80067   1121.520      0.11616 14:56:21
 1579    36.19549    -96.80059   1124.143      0.11621 14:56:22
 1580    36.19555    -96.80052   1126.603      0.11629 14:56:23
 1581    36.19561    -96.80044   1128.446      0.11627 14:56:24
 1582    36.19567    -96.80037   1129.809      0.11615 14:56:25
 1583    36.19573    -96.80029   1133.288      0.11615 14:56:26
 1584    36.19579    -96.80021   1135.534      0.11622 14:56:27
 1585    36.19579    -96.80014   1136.409      0.11603 14:56:28
 1586    36.19585    -96.80014   1139.015      0.11626 14:56:29
 1587    36.19591    -96.80006   1141.001      0.11637 14:56:30
 1588    36.19597    -96.79999   1143.553      0.11630 14:56:31
 1589    36.19604    -96.79991   1146.447      0.11622 14:56:32
 1590    36.19610    -96.79984   1148.866      0.11614 14:56:33
 1591    36.19616    -96.79976   1151.130      0.11629 14:56:34
 1592    36.19622    -96.79969   1153.616      0.11648 14:56:35
 1593    36.19622    -96.79961   1155.688      0.11637 14:56:36
 1594    36.19628    -96.79953   1157.385      0.11640 14:56:37
 1595    36.19634    -96.79946   1159.392      0.11630 14:56:38
 1596    36.19616    -96.79946   1161.650      0.11759 14:56:39
 1597    36.19622    -96.79938   1163.107      0.11737 14:56:40
 1598    36.19628    -96.79931   1164.027      0.11734 14:56:41
 1599    36.19634    -96.79923   1164.495      0.11738 14:56:42
 1600    36.19634    -96.79916   1167.531      0.11753 14:56:43
 1601    36.19640    -96.79908   1169.826      0.11760 14:56:44
 1602    36.19646    -96.79901   1170.965      0.11756 14:56:45
 1603    36.19652    -96.79893   1173.090      0.11766 14:56:46
 1604    36.19658    -96.79893   1175.867      0.11779 14:56:47
 1605    36.19665    -96.79885   1177.963      0.11779 14:56:48
 1606    36.19665    -96.79878   1178.990      0.11772 14:56:49
 1607    36.19671    -96.79870   1182.436      0.11760 14:56:50
 1608    36.19671    -96.79863   1183.951      0.11752 14:56:51
 1609    36.19677    -96.79863   1185.005      0.11758 14:56:52
 1610    36.19683    -96.79855   1187.050      0.11757 14:56:53
 1611    36.19689    -96.79848   1188.362      0.11751 14:56:54
 1612    36.19695    -96.79840   1190.590      0.11748 14:56:55
 1613    36.19695    -96.79832   1192.791      0.11749 14:56:56
 1614    36.19701    -96.79832   1192.972      0.11751 14:56:57
 1615    36.19707    -96.79825   1194.719      0.11774 14:56:58
 1616    36.19707    -96.79817   1196.463      0.11753 14:56:59
 1617    36.19738    -96.79802   1197.018      0.11726 14:56:60
 1618    36.19744    -96.79795   1200.233      0.11722 14:57:01
 1619    36.19744    -96.79787   1201.208      0.11745 14:57:02
 1620    36.19732    -96.79780   1202.040      0.11886 14:57:03
 1621    36.19738    -96.79772   1205.613      0.11887 14:57:04
 1622    36.19738    -96.79772   1206.507      0.11869 14:57:05
 1623    36.19744    -96.79764   1208.363      0.11861 14:57:06
 1624    36.19744    -96.79757   1209.643      0.11862 14:57:07
 1625    36.19750    -96.79749   1211.853      0.11879 14:57:08
 1626    36.19756    -96.79742   1213.552      0.11896 14:57:09
 1627    36.19762    -96.79734   1215.212      0.11886 14:57:10
 1628    36.19762    -96.79734   1217.055      0.11898 14:57:11
 1629    36.19768    -96.79727   1219.890      0.11872 14:57:12
 1631    36.19774    -96.79712   1224.999      0.11893 14:57:14
 1632    36.19774    -96.79712   1225.980      0.11894 14:57:15
 1633    36.19781    -96.79704   1228.937      0.11900 14:57:16
 1634    36.19781    -96.79696   1229.935      0.11907 14:57:17
 1635    36.19787    -96.79689   1231.606      0.11888 14:57:18
 1636    36.19793    -96.79681   1233.584      0.11868 14:57:19
 1637    36.19793    -96.79681   1235.520      0.11891 14:57:20
 1638    36.19799    -96.79674   1237.291      0.11859 14:57:21
 1639    36.19805    -96.79666   1239.454      0.11854 14:57:22
 1640    36.19805    -96.79659   1242.983      0.11876 14:57:23
 1641    36.19811    -96.79651   1242.990      0.11873 14:57:24
 1642    36.19811    -96.79651   1245.320      0.11879 14:57:25
 1643    36.19811    -96.79643   1246.979      0.11886 14:57:26
 1644    36.19817    -96.79636   1249.765      0.11878 14:57:27
 1645    36.19817    -96.79636   1250.286      0.11888 14:57:28
 1646    36.19823    -96.79628   1254.355      0.11865 14:57:29
 1647    36.19823    -96.79621   1255.290      0.11868 14:57:30
 1648    36.19829    -96.79613   1256.936      0.11885 14:57:31
 1649    36.19829    -96.79606   1258.137      0.11865 14:57:32
 1650    36.19835    -96.79606   1260.255      0.11858 14:57:33
 1651    36.19835    -96.79598   1263.583      0.11878 14:57:34
 1652    36.19842    -96.79591   1263.607      0.11866 14:57:35
 1653    36.19842    -96.79591   1265.735      0.11865 14:57:36
 1654    36.19848    -96.79583   1267.200      0.11888 14:57:37
 1655    36.19848    -96.79575   1268.829      0.11874 14:57:38
 1656    36.19854    -96.79568   1272.454      0.11885 14:57:39
 1657    36.19854    -96.79560   1272.287      0.11885 14:57:40
 1658    36.19860    -96.79560   1274.352      0.11864 14:57:41
 1659    36.19860    -96.79553   1275.693      0.11880 14:57:42
 1660    36.19860    -96.79545   1278.221      0.11881 14:57:43
 1661    36.19866    -96.79538   1279.460      0.11885 14:57:44
 1662    36.19872    -96.79530   1282.385      0.11878 14:57:45
 1663    36.19872    -96.79523   1284.330      0.11893 14:57:46
 1664    36.19878    -96.79523   1285.365      0.11890 14:57:47
 1665    36.19878    -96.79515   1287.682      0.11891 14:57:48
 1666    36.19878    -96.79507   1290.092      0.11884 14:57:49
 1667    36.19903    -96.79500   1291.175      0.11756 14:57:50
 1668    36.19903    -96.79500   1292.925      0.11755 14:57:51
 1669    36.19909    -96.79492   1295.662      0.11755 14:57:52
 1670    36.19909    -96.79485   1296.282      0.11748 14:57:53
 1671    36.19915    -96.79477   1298.409      0.11753 14:57:54
 1672    36.19915    -96.79477   1300.570      0.11772 14:57:55
 1673    36.19915    -96.79470   1301.273      0.11783 14:57:56
 1674    36.19921    -96.79462   1304.653      0.11771 14:57:57
 1675    36.19921    -96.79454   1306.282      0.11758 14:57:58
 1676    36.19927    -96.79454   1307.509      0.11768 14:57:59
 1678    36.19933    -96.79439   1310.641      0.11757 14:58:01
 1679    36.19933    -96.79439   1312.442      0.11756 14:58:02
 1680    36.19921    -96.79432   1311.446      0.11876 14:58:03
 1681    36.19921    -96.79432   1315.814      0.11894 14:58:04
 1682    36.19927    -96.79424   1315.724      0.11887 14:58:05
 1683    36.19927    -96.79417   1317.366      0.11866 14:58:06
 1684    36.19933    -96.79417   1319.532      0.11880 14:58:07
 1685    36.19933    -96.79409   1321.722      0.11898 14:58:08
 1686    36.19939    -96.79409   1323.510      0.11904 14:58:09
 1687    36.19939    -96.79402   1323.562      0.11897 14:58:10
 1688    36.19939    -96.79394   1325.313      0.11880 14:58:11
 1689    36.19945    -96.79386   1326.309      0.11881 14:58:12
 1690    36.19945    -96.79386   1327.611      0.11899 14:58:13
 1691    36.19951    -96.79379   1328.512      0.11868 14:58:14
 1692    36.19951    -96.79379   1331.457      0.11867 14:58:15
 1693    36.19958    -96.79371   1332.598      0.11865 14:58:16
 1694    36.19958    -96.79364   1335.120      0.11885 14:58:17
 1695    36.19964    -96.79364   1336.406      0.11888 14:58:18
 1696    36.19964    -96.79356   1337.679      0.11879 14:58:19
 1697    36.19964    -96.79356   1339.534      0.11880 14:58:20
 1698    36.19970    -96.79349   1340.339      0.11883 14:58:21
 1699    36.19970    -96.79341   1342.198      0.11865 14:58:22
 1700    36.19976    -96.79341   1344.415      0.11855 14:58:23
 1701    36.19982    -96.79334   1345.470      0.11882 14:58:24
 1702    36.19982    -96.79326   1346.970      0.11871 14:58:25
 1703    36.19982    -96.79326   1349.026      0.11867 14:58:26
 1704    36.19988    -96.79318   1349.742      0.11884 14:58:27
 1705    36.19988    -96.79318   1351.725      0.11884 14:58:28
 1706    36.19994    -96.79311   1353.530      0.11894 14:58:29
 1707    36.20000    -96.79303   1355.079      0.11878 14:58:30
 1708    36.20000    -96.79296   1358.095      0.11878 14:58:31
 1709    36.20000    -96.79296   1360.864      0.11875 14:58:32
 1710    36.20006    -96.79288   1363.718      0.11877 14:58:33
 1711    36.20006    -96.79288   1366.114      0.11887 14:58:34
 1712    36.20006    -96.79288   1367.777      0.11901 14:58:35
 1713    36.20012    -96.79288   1368.465      0.11877 14:58:36
 1714    36.20012    -96.79288   1370.868      0.11876 14:58:37
 1715    36.20019    -96.79281   1372.141      0.11883 14:58:38
 1716    36.20025    -96.79281   1373.881      0.11877 14:58:39
 1717    36.20025    -96.79273   1374.608      0.11884 14:58:40
 1718    36.15453    -96.81775   1376.888      1.41885 14:58:41
 1719    36.20031    -96.79265   1378.399      0.11883 14:58:42
 1720    36.20031    -96.79258   1381.104      0.11864 14:58:43
 1721    36.20037    -96.79250   1384.452      0.11869 14:58:44
 1722    36.20037    -96.79250   1385.785      0.11871 14:58:45
 1723    36.20037    -96.79250   1389.184      0.11890 14:58:46
 1724    36.20043    -96.79243   1391.807      0.11897 14:58:47
 1725    36.20061    -96.79243   1392.327      0.11803 14:58:48
 1726    36.20061    -96.79235   1396.943      0.11798 14:58:49
 1727    36.20141    -96.79190   1398.062      0.11732 14:58:50
 1728    36.20067    -96.79228   1401.064      0.11798 14:58:51
 1729    36.20067    -96.79220   1403.189      0.11806 14:58:52
 1730    36.20067    -96.79213   1405.383      0.11814 14:58:53
 1731    36.20086    -96.79220   1405.828      0.11880 14:58:54
 1732    36.20086    -96.79220   1408.801      0.11870 14:58:55
 1733    36.20067    -96.79213   1411.116      0.11960 14:58:56
 1734    36.20067    -96.79205   1414.672      0.11957 14:58:57
 1735    36.20074    -96.79205   1415.161      0.11937 14:58:58
 1736    36.20080    -96.79197   1416.364      0.11928 14:58:59
 1737    36.20080    -96.79190   1420.398      0.11944 14:58:60
 1738    36.20086    -96.79190   1423.247      0.11952 14:59:01
 1739    36.20086    -96.79182   1424.457      0.11934 14:59:02
 1740    36.20074    -96.79167   1426.857      0.11868 14:59:03
 1741    36.20074    -96.79160   1429.642      0.11878 14:59:04
 1742    36.20074    -96.79152   1431.264      0.11888 14:59:05
 1743    36.20074    -96.79145   1434.718      0.11894 14:59:06
 1744    36.20074    -96.79137   1437.364      0.11883 14:59:07
 1745    36.20080    -96.79129   1439.217      0.11886 14:59:08
 1746    36.20080    -96.79122   1441.431      0.11871 14:59:09
 1747    36.20086    -96.79114   1441.554      0.11868 14:59:10
 1748    36.20092    -96.79114   1442.508      0.11874 14:59:11
 1749    36.20110    -96.79107   1445.261      0.11774 14:59:12
 1750    36.20116    -96.79107   1446.216      0.11786 14:59:13
 1751    36.20116    -96.79099   1447.698      0.11794 14:59:14
 1752    36.20122    -96.79092   1447.613      0.11779 14:59:15
 1753    36.20122    -96.79092   1449.773      0.11780 14:59:16
 1754    36.20128    -96.79084   1452.278      0.11782 14:59:17
 1755    36.20128    -96.79084   1454.376      0.11784 14:59:18
 1756    36.20128    -96.79076   1454.761      0.11757 14:59:19
 1757    36.20128    -96.79076   1457.247      0.11751 14:59:20
 1758    36.20074    -96.79099   1459.198      0.12093 14:59:21
 1759    36.20074    -96.79099   1459.487      0.12102 14:59:22
 1760    36.20080    -96.79092   1460.283      0.12114 14:59:23
 1761    36.20092    -96.79099   1461.245      0.12252 14:59:24
 1762    36.20092    -96.79092   1463.112      0.12259 14:59:25
 1763    36.20098    -96.79084   1465.550      0.12246 14:59:26
 1764    36.20098    -96.79084   1466.659      0.12243 14:59:27
 1765    36.20098    -96.79076   1470.298      0.12249 14:59:28
 1766    36.20104    -96.79069   1473.270      0.12252 14:59:29
 1767    36.20104    -96.79061   1475.091      0.12241 14:59:30
 1768    36.20110    -96.79061   1478.341      0.12240 14:59:31
 1769    36.20135    -96.79016   1481.093      0.11875 14:59:32
 1770    36.20135    -96.79016   1482.668      0.11876 14:59:33
 1771    36.20135    -96.79008   1485.319      0.11870 14:59:34
 1772    36.20141    -96.79001   1486.448      0.11842 14:59:35
 1773    36.20141    -96.78986   1490.050      0.11865 14:59:36
 1774    36.20141    -96.78978   1491.234      0.11880 14:59:37
 1775    36.20147    -96.78971   1493.190      0.11890 14:59:38
 1776    36.20153    -96.78971   1494.578      0.11887 14:59:39
 1777    36.20153    -96.78963   1495.423      0.11878 14:59:40
 1778    36.20159    -96.78956   1498.166      0.11887 14:59:41
 1779    36.20171    -96.78956   1498.539      0.11797 14:59:42
 1780    36.20177    -96.78948   1499.695      0.11798 14:59:43
 1781    36.20177    -96.78940   1501.638      0.11805 14:59:44
 1782    36.20177    -96.78925   1503.660      0.11794 14:59:45
 1783    36.20183    -96.78918   1503.452      0.11787 14:59:46
 1784    36.20189    -96.78910   1505.539      0.11806 14:59:47
 1785    36.20196    -96.78903   1507.500      0.11791 14:59:48
 1786    36.20196    -96.78895   1508.508      0.11783 14:59:49
 1787    36.20202    -96.78887   1509.763      0.11780 14:59:50
 1788    36.20189    -96.78887   1510.630      0.11867 14:59:51
 1789    36.20189    -96.78880   1511.987      0.11867 14:59:52
 1790    36.20196    -96.78872   1514.643      0.11869 14:59:53
 1791    36.20196    -96.78857   1514.706      0.11879 14:59:54
 1792    36.20202    -96.78850   1518.337      0.11887 14:59:55
 1793    36.20202    -96.78842   1520.089      0.11878 14:59:56
 1794    36.20208    -96.78835   1521.826      0.11890 14:59:57
 1795    36.20208    -96.78827   1524.317      0.11885 14:59:58
 1796    36.20208    -96.78827   1525.260      0.11890 14:59:59
 1797    36.20214    -96.78819   1529.395      0.11883 14:59:60
 1798    36.20214    -96.78819   1530.805      0.11868 15:00:01
 1799    36.20220    -96.78812   1534.351      0.11870 15:00:02
 1800    36.20226    -96.78804   1538.742      0.11874 15:00:03
 1801    36.20232    -96.78797   1541.727      0.11861 15:00:04
 1802    36.20238    -96.78789   1543.008      0.11851 15:00:05
 1803    36.20238    -96.78782   1545.487      0.11858 15:00:06
 1804    36.20238    -96.78767   1548.144      0.11873 15:00:07
 1805    36.20244    -96.78759   1548.703      0.11879 15:00:08
 1806    36.20244    -96.78751   1549.913      0.11876 15:00:09
 1807    36.20244    -96.78744   1551.933      0.11893 15:00:10
 1808    36.20251    -96.78736   1552.862      0.11906 15:00:11
 1809    36.20257    -96.78729   1554.092      0.11890 15:00:12
 1810    36.20263    -96.78721   1557.200      0.11900 15:00:13
 1811    36.20263    -96.78714   1558.758      0.11889 15:00:14
 1812    36.20269    -96.78698   1561.347      0.11894 15:00:15
